76
77
10
-97
-38
-89
-117
106
-55
146
-166
-72
-111
27
-50
-10
-108
-90
-97
5
-44
3
75
-72
118
-67
184
5
174
-51
61
72
36
-22
66
196
-26
141
58
172
66
14
-99
105
-6
-5
91
51
-3
62
229
26
-205
-213
-168
78
-146
-43
-10
-117
26
-59
214
-32
30
131
98
-129
-80
-116
-170
-13
44
161
122
-46
170
-15
54
158
-144
186
0
-113
-38
-23
-30
137
54
-233
96
21
-138
-37
-15
29
17
-44
-83
109
105
-123
-103
-3
155
-97
103
78
-156
48
-14
-8
-69
-83
-22
1
16
172
7
30
73
-163
-112
73
-212
250
-81
69
-194
86
-114
-48
90
-121
24
237
-72
-53
-206
-147
-18
-19
96
-104
83
130
-15
129
-58
-143
105
141
-1
-2
115
142
-192
52
9
-37
-31
-8
132
6
32
132
-74
-9
-2
98
-51
-8
137
89
-40
184
-185
-61
-41
-137
-167
-15
-27
52
86
-2
-42
5
-51
84
-50
-83
-20
35
0
271
72
46
4
52
7
78
-116
73
167
-22
-13
105
-102
-91
-29
-28
-202
140
96
19
4
79
123
-4
7
191
-207
-77
44
6
117
5
88
82
93
28
219
128
32
36
-25
-128
126
23
-154
106
-18
-44
-76
-91
60
156
57
179
-91
62
-125
-74
121
163
141
-75
171
31
91
33
-129
-29
-63
187
-34
-5
-88
-30
57
223
-81
-12
86
86
15
-87
-81
96
-10
171
67
22
36
-95
-41
-91
-18
113
-28
18
-119
142
2
127
40
-58
38
75
-56
0
53
-201
-102
-162
-63
77
-268
116
32
-99
-38
255
32
-117
52
-108
44
103
-12
-171
19
56
-78
37
-166
-232
-275
159
77
104
-32
-85
24
30
-110
-210
-38
-24
22
5
41
55
-38
-145
105
6
-16
182
23
-37
-129
-88
121
102
3
-26
83
-24
-201
166
-116
-20
45
-57
127
-179
-115
39
-58
108
20
144
57
-31
1
-195
108
-144
34
-110
-44
-133
-66
136
124
-23
24
-64
60
90
26
139
-8
143
17
-47
-56
-93
193
123
79
105
2
114
89
-63
-15
-30
-124
-149
-195
-32
-3
-37
-101
-55
96
155
-90
39
151
-24
-101
112
104
171
38
-5
-83
-54
5
-15
-111
30
-32
105
26
71
0
-121
151
65
2
132
-193
60
70
181
62
-177
23
-177
-98
-173
-148
3
16
-98
-46
212
35
-62
96
256
44
81
7
77
-181
-35
129
60
78
-38
-64
-27
2
-153
-185
56
-132
3
-51
-40
-224
93
52
-26
30
104
68
-117
129
3
112
-62
-23
-23
79
-49
0
-45
47
86
13
-119
127
-71
-41
196
-4
-207
-59
28
21
-91
-86
-90
-135
9
28
27
30
-284
70
183
-42
153
97
-140
191
-47
17
4
-29
99
6
-100
84
-297
-126
35
-21
-96
107
-85
28
-120
26
-10
-29
-106
-154
96
132
31
107
15
-10
-114
83
120
128
32
73
45
-129
37
127
86
-65
-57
-4
99
165
36
22
-68
-147
-97
36
54
128
147
34
-44
-163
-107
-69
78
-14
-68
-87
-100
141
24
41
103
0
-49
51
26
-124
-41
-107
7
96
154
-8
-92
43
-56
80
-98
-116
31
126
39
-27
190
73
222
-232
-68
169
257
60
31
-151
-87
-7
-144
-183
-258
-90
14
66
28
42
13
-100
-154
-40
20
-48
109
-51
-147
-61
-18
66
62
-53
90
233
-124
11
-16
-99
52
289
56
-92
-24
120
186
-15
44
-84
-142
-60
-161
-75
-132
-176
-100
61
-110
-33
0
11
-159
-74
-120
15
48
-60
-173
-73
7
184
45
127
187
-244
8
83
72
7
159
-229
60
-164
52
81
175
26
-116
53
-75
150
-184
89
126
47
-30
65
8
202
-54
-16
79
14
-103
84
13
-115
46
-45
150
-127
6
98
-23
-49
46
23
-9
64
-66
129
-2
-83
12
-25
-43
67
78
31
-18
-55
-39
142
-95
-306
-40
-159
-110
32
32
-162
-47
-82
88
15
97
52
35
228
41
-114
87
-46
-64
-73
20
-163
-65
-124
-39
111
-90
-47
51
-12
-11
-24
-185
-28
166
-32
82
48
134
-195
117
-109
-90
35
69
189
6
78
-124
-3
-220
-22
0
8
-86
-73
27
-169
143
43
-78
-134
47
-39
125
0
110
-60
8
-209
-77
-44
-76
-187
-68
31
50
41
-94
-45
-8
5
-107
21
-11
-49
146
-80
1
19
-18
-117
240
-136
-11
31
13
58
-57
-71
76
-13
-21
-220
104
-170
104
32
43
-185
80
-145
-118
38
-105
-1
82
-14
71
-122
76
-90
129
29
-34
-65
105
36
16
22
-35
-74
100
-54
64
24
154
47
-30
-25
-176
106
-63
-10
76
-72
39
-60
-226
-44
24
119
25
0
-41
-90
-239
-143
-194
-100
-3
-56
-151
-6
61
-22
141
97
90
34
16
23
-55
-36
-56
117
42
-130
-149
-161
100
12
-52
75
65
30
-68
24
92
-74
155
-251
9
-132
12
-104
102
95
-167
-39
-39
-95
290
2
197
-97
-59
190
51
42
32
44
120
83
87
-56
75
-12
30
-16
-14
136
-138
8
149
93
-25
-43
58
-109
-146
-60
-191
32
-52
59
-97
34
193
-192
175
-150
113
40
55
70
90
-123
139
-66
63
82
-93
92
187
58
32
42
97
151
-66
-140
18
140
-44
23
-15
-69
25
-156
76
51
-42
-5
-28
-186
44
-182
103
143
39
-30
58
25
-12
-132
-164
71
-71
84
-135
312
66
60
177
4
167
-70
-76
72
132
-90
6
147
141
-137
23
-332
80
-113
-179
89
37
-24
42
10
122
-81
-58
55
-79
-8
-76
14
-35
-82
-59
-40
119
113
19
-39
-86
16
-31
116
-52
-27
25
-127
26
-63
-30
40
77
-25
78
42
62
102
-132
120
31
55
-42
89
-19
-120
137
72
-34
148
-107
93
44
-13
-234
42
112
20
63
-19
-82
-102
-8
198
-33
106
-129
-14
-2
-87
-79
121
62
-170
192
200
-44
-6
-144
-181
-15
54
62
121
-132
108
44
138
121
-158
-76
76
96
-23
-50
69
74
37
-82
18
21
319
-33
151
10
-28
-144
-60
-225
87
-37
-68
-139
194
-64
24
-152
-95
-48
-57
-75
129
80
-101
55
-98
-4
-35
10
59
-92
32
-144
2
-24
36
24
-164
-23
-56
-82
-76
-6
60
-55
47
68
92
-104
33
-16
-39
-98
-32
-17
27
184
-52
9
-183
48
108
86
1
-66
-70
-81
-15
137
46
116
-206
195
64
-53
17
-85
117
116
-151
45
109
197
-51
-2
42
-62
-10
55
178
87
-79
-42
65
10
-95
-101
16
78
26
-51
53
142
257
-53
16
43
16
-87
-121
-83
76
21
286
231
255
-53
-6
-10
-13
77
-77
15
-40
100
-163
61
105
-193
13
-109
-90
132
63
112
-123
39
-242
-47
-121
-21
-95
-72
131
21
73
-65
-71
-13
-141
-81
138
-124
-24
-13
15
57
171
-108
-77
71
-108
5
67
-77
2
17
-35
-93
158
103
57
48
27
-155
-44
-177
-3
3
189
89
27
122
-23
-72
-139
33
-78
-238
-41
126
-35
-1
56
125
-25
-109
-260
193
-179
-94
-63
-21
-58
-13
-132
104
-134
73
-35
-70
-73
22
-151
-66
-1
-22
-73
-70
-6
93
-42
-44
-9
25
-40
-109
-132
44
113
12
60
-83
-128
8
-144
54
-106
15
45
-84
-140
-52
-35
-21
66
54
48
-120
-21
137
117
-166
41
-125
8
-90
-34
44
81
78
36
-1
-79
125
-70
-95
-35
12
63
-21
-175
-151
31
-179
146
-28
-48
-141
140
3
-24
-111
-77
-102
-37
-276
-82
-71
-6
67
-110
204
161
-193
-65
-122
-163
-127
50
87
81
-216
-9
134
-71
-94
80
39
-195
46
147
128
-65
-10
32
55
7
186
89
41
136
13
-5
47
16
23
47
167
75
0
-93
-89
9
-14
-74
-18
-6
-150
-78
143
2
-127
-70
-160
-135
-48
-105
63
101
95
-62
-126
-42
-108
-71
-37
-133
-87
-2
81
18
98
4
89
-46
-37
5
112
28
-122
-50
-136
105
-300
-40
-264
95
115
60
-46
-190
106
-108
-27
60
-129
115
13
8
-17
60
19
-62
54
-16
26
113
-131
-20
-127
-147
20
331
-108
124
118
-123
164
33
116
-161
153
-23
156
-22
48
34
5
94
79
55
90
-43
57
150
-28
44
148
-172
-118
134
-119
-125
76
-109
44
63
45
-25
50
96
-33
-39
143
23
-13
203
24
64
140
-82
-69
-54
-110
77
304
-23
-180
223
51
51
136
-71
13
88
27
23
72
-139
-166
124
-8
-155
-210
123
-45
51
81
131
-38
-41
79
-87
12
60
42
59
19
-67
79
64
118
26
-18
-36
63
-4
-82
13
-45
-12
53
-127
117
-71
-114
39
-128
-121
-133
35
13
-19
-227
-117
95
51
57
25
-163
180
-60
-105
-110
-97
-114
-6
-52
-160
-9
87
52
91
-123
26
-171
74
9
26
-54
-248
7
-12
135
-32
124
-119
-156
-49
111
34
207
55
63
206
-137
-27
-19
-125
-28
89
-254
-44
76
-38
-117
-223
-29
-86
-59
118
148
60
157
26
55
-1
-14
-71
43
97
-56
-209
-30
-114
81
-80
46
45
126
-154
22
111
-74
-118
104
75
-87
-55
-67
107
60
-9
-13
47
63
-85
128
20
223
-20
49
53
-24
117
-19
195
118
-137
-63
-98
-29
2
-102
19
-42
-53
19
-53
-100
-32
-223
60
56
-52
-194
-57
57
-74
8
-27
-127
-167
-196
-44
3
-51
-23
42
-172
-40
131
92
13
127
140
18
11
-86
80
-114
-1
52
-197
338
158
192
99
-134
126
68
-194
-185
117
-134
-38
-43
-225
15
-122
-93
-11
95
-104
11
69
62
-57
95
-57
54
-81
-13
-24
-101
13
-155
-158
-118
-135
41
28
47
184
-63
-127
51
241
-102
-26
3
34
115
3
-225
-17
-126
58
-226
-98
-162
-212
43
24
-70
-45
125
-137
-186
33
-161
14
-220
-53
-58
22
-19
-135
-15
-71
77
39
-131
6
3
24
-128
71
168
47
-80
101
-21
-32
-53
-23
-34
-100
20
-8
-124
-31
-86
-58
-26
135
-68
42
91
-199
-92
55
113
-89
-12
36
-58
90
-4
67
105
91
92
-120
-137
60
-72
-54
-147
119
4
-12
-72
35
-75
-2
-149
19
-44
-162
-130
84
189
129
-30
-128
262
-28
167
2
43
-18
144
12
93
-115
66
-36
5
-251
-168
-40
-29
1
-188
-2
122
-45
55
-57
-111
169
-23
-12
-22
-89
-200
-46
131
-185
50
70
-127
-117
-105
140
57
51
-21
136
-120
125
74
18
-13
50
85
10
109
31
-17
85
55
-55
53
56
217
-43
-196
-3
-111
166
6
93
13
-118
67
84
71
-84
232
-27
-82
-106
-46
-68
57
90
69
40
-110
80
268
-60
-9
-9
-171
177
60
-15
106
-267
92
45
61
92
6
-35
-69
15
-21
-7
62
-87
52
-16
-59
-121
85
-149
-41
38
-8
-36
-56
-65
4
-135
62
188
-28
185
113
59
-119
-12
-103
231
-66
91
98
35
160
99
56
4
-77
-66
-75
31
100
-13
-175
-47
26
67
155
114
50
76
-88
-144
60
29
166
75
-140
1
95
29
-79
184
-55
17
-19
197
-168
-91
246
-109
-15
-69
49
-138
33
50
46
49
3
-154
-217
70
-65
111
-72
-64
59
71
-58
-60
-159
-58
-6
153
24
44
177
-6
196
-199
5
90
47
22
-59
60
-27
-40
-60
175
81
83
-97
-149
-70
-66
-34
-13
-33
-158
-47
-10
-9
108
128
-206
91
33
78
-48
0
-87
-18
95
46
175
-210
-107
-63
-167
-96
45
-41
5
-55
53
-69
96
-6
-14
68
46
-114
62
-26
95
16
27
-87
61
44
34
-72
216
-63
-136
-181
40
137
-16
-37
77
80
-120
104
-33
88
15
-67
23
-133
-98
89
-132
245
-71
10
64
164
-53
-82
-4
-125
194
53
5
43
35
-144
-134
-166
-1
-68
-27
-99
3
-179
87
62
15
-9
152
-46
13
-120
-233
-186
-46
-1
25
67
143
-113
-137
75
149
-93
14
-76
103
97
120
17
-35
-176
115
-39
-46
-75
21
17
54
46
50
-8
24
4
-157
10
10
-12
-86
-20
-122
107
103
-89
-27
26
-92
54
-160
-30
-39
166
-105
14
66
51
50
-51
-13
64
212
33
-66
61
110
-47
-59
-54
-97
-91
-28
-107
9
-76
140
43
-21
59
-119
58
-130
-39
99
-68
56
-4
-212
59
45
197
-78
-82
-198
-10
54
129
81
-51
-155
-7
55
-130
85
-22
54
50
-62
55
-65
82
92
25
12
152
193
-188
100
46
-57
-128
21
-109
-64
-217
-128
-83
39
-40
110
70
2
-48
134
78
4
-137
126
-149
-5
179
-23
-150
55
118
-11
-41
85
-87
-153
-119
0
-14
72
-107
28
-5
-31
-46
-99
128
-26
-115
37
-73
113
69
95
1
-18
93
101
79
35
-60
-15
-23
16
99
-77
-78
111
1
-17
-3
7
94
169
-89
-75
-61
201
71
151
99
19
-4
-87
13
84
168
61
89
-101
3
-27
-26
-179
-27
-67
139
-248
-77
-73
37
12
91
106
-200
24
-10
24
-108
-33
67
112
116
-28
-4
22
-12
63
-44
-215
-57
-12
-90
-159
-35
5
-34
-206
-138
179
134
118
-32
-70
71
142
-225
-19
-43
-114
-112
14
85
4
18
11
-62
184
74
66
-131
70
40
-105
91
-44
81
3
42
100
-4
73
-149
19
-89
-86
-6
-5
-125
143
-29
-83
55
163
32
48
-32
87
-102
73
208
-120
150
-15
-31
13
12
55
-151
-16
-51
-160
9
-4
34
-31
34
20
28
-188
43
196
-62
39
92
154
-96
24
0
3
0
-3
-184
-10
-15
-10
96
-82
144
-101
-135
35
-119
113
-31
-93
48
68
69
-31
-127
96
-105
-3
66
91
-18
-49
-14
63
-5
-73
-161
-5
-126
-171
-32
133
110
70
10
155
78
-34
-150
-6
-75
15
-25
-46
-32
-29
37
-267
29
37
-149
-84
-132
57
135
-61
31
-67
13
-19
-18
-221
-18
11
-143
-282
-51
-9
59
207
-106
-28
-63
125
59
56
-110
88
-37
31
80
-26
96
-61
-21
114
-78
-84
129
136
-22
-72
20
-115
-34
43
-30
-181
-159
156
21
71
-174
-29
161
11
162
138
-15
52
92
-49
188
-74
-152
80
-65
-26
-51
9
-55
-9
-40
-106
79
-6
15
-106
130
-46
-57
-11
89
-101
-62
50
-36
11
30
70
23
-47
-29
184
85
-44
3
91
143
-42
120
40
69
29
97
104
-152
89
166
-15
-261
-157
150
-75
-48
-91
81
-49
41
63
80
156
-86
-83
109
19
-60
93
-54
55
26
174
9
175
133
18
-118
39
40
-25
-316
20
75
180
62
-94
-102
39
-79
-80
34
84
-3
52
-64
-3
-194
-87
94
-96
68
-22
21
143
170
55
-20
123
-7
219
25
-22
129
-125
-89
77
-16
-150
-18
52
32
24
46
-196
-100
-162
62
11
-174
-54
93
85
-13
-36
24
-31
-5
87
-42
-103
-24
-7
-8
-139
-130
23
126
-21
-66
-86
61
-53
-29
114
128
51
-261
-102
145
59
-8
-94
41
130
6
-8
-38
22
71
-24
-6
49
-50
-39
80
145
-145
-119
57
-137
19
-1
49
-105
-109
-98
72
-65
3
-112
-73
99
-211
145
-56
166
4
128
-117
-54
11
24
43
-174
-81
-33
6
-64
-225
-37
-103
44
-15
31
104
123
121
-68
-148
-30
-53
62
76
2
104
-80
7
-61
-52
-120
-42
74
-137
14
168
35
67
66
-86
113
47
151
0
20
-52
123
173
129
-26
-68
111
-198
-104
109
122
7
-88
-132
11
90
70
-1
23
-34
-14
-114
-14
-48
19
-57
-101
-39
151
108
115
44
-72
-66
-308
128
80
-17
-63
-59
29
-53
-2
-44
-94
-13
-4
13
-93
-58
-35
90
56
36
-114
58
59
-31
1
-100
-53
20
13
-80
-85
104
73
62
-16
-226
145
41
-70
74
-42
145
-48
168
22
-131
-88
-63
61
-170
305
-61
-138
-150
10
-80
286
-115
136
53
31
52
-52
129
171
-123
46
138
-49
-32
-88
-8
77
-29
32
90
-357
25
-14
-77
65
-142
154
124
-111
42
-85
7
-8
-148
-49
75
125
-70
130
-48
43
-91
111
46
62
33
-32
-27
61
-31
-4
-99
82
-66
1
-132
36
291
59
-61
-43
-136
197
165
-63
170
30
107
70
-233
-74
235
-159
-9
118
-11
-118
-84
-2
131
14
-123
66
60
-14
58
-187
184
-145
-9
-146
-67
221
110
165
-85
-52
142
87
8
-63
-70
-129
42
174
21
-67
-38
-195
-112
98
48
63
26
138
44
-62
-116
-9
-85
-125
-192
25
115
-46
-90
-28
-5
98
-22
-3
39
192
129
-17
80
-218
-139
-3
-16
124
103
100
-100
175
-106
-132
-129
58
-73
-87
123
6
-63
6
-7
-6
46
102
50
59
52
-90
-37
219
103
26
-65
19
-84
59
-31
-118
-41
161
4
-112
39
-200
47
-178
139
-174
-54
15
184
-49
206
15
-74
19
15
183
-2
-85
21
104
162
52
-104
-133
71
145
3
-56
-65
63
73
88
23
129
31
150
-109
-95
65
-13
-5
48
-10
-73
-19
-137
-89
-29
-189
-97
-80
135
73
-115
25
-126
-13
127
143
50
-136
-36
112
39
-75
201
-99
5
192
20
294
-139
84
38
-19
-203
88
40
-73
188
26
-116
-28
-96
-106
132
-242
26
-24
155
112
122
-40
36
54
106
115
117
106
7
-126
116
-144
-231
-44
12
-107
-49
-28
79
42
60
-95
-52
15
-2
-190
78
47
-147
-38
17
110
-118
137
105
-149
2
57
92
-63
-51
-221
-77
-109
-107
-46
-38
-65
-72
-16
-143
-134
-17
-61
0
-32
-98
196
34
177
-43
-78
-153
29
124
-100
8
72
115
-34
202
-113
65
17
64
-8
-50
-15
49
-119
-139
140
134
-4
-139
-70
13
74
69
-16
66
-1
-157
152
121
152
186
-72
68
-6
-4
-71
31
-153
-221
-84
92
12
-46
-42
-105
-71
-82
-159
-74
-78
-177
123
188
-149
89
56
11
-107
165
-44
168
-50
70
84
-72
-16
-89
-38
-9
-29
-145
-143
126
25
109
-96
108
194
122
56
95
33
-99
131
-34
-114
1
-1
190
148
-28
-165
41
-129
-45
83
75
-29
-61
-11
148
148
-178
65
3
-4
122
136
90
-23
-54
104
18
83
41
4
-34
-51
5
-28
157
-171
-123
-104
15
-31
66
31
-54
-81
-33
117
-105
57
95
-216
-150
-48
-197
8
100
-99
167
-104
-21
184
-7
134
86
-108
22
-96
-147
75
-58
16
-14
-5
-20
40
64
-133
-16
-7
-59
-148
111
-59
48
-11
62
54
-79
-111
27
-133
42
116
111
-169
-78
33
-92
-39
-10
-198
-41
2
2
118
-28
-83
-30
-131
-82
116
-56
155
-49
0
36
-70
-98
-94
-34
-130
-35
37
-35
-72
180
192
-78
-86
34
40
-52
-82
160
52
73
97
-95
-187
-179
21
-142
47
50
20
-114
-82
-21
-2
-31
164
-63
83
-10
90
62
49
-16
-35
3
-16
-133
108
-217
81
73
106
-70
59
34
-73
85
-5
31
-172
208
96
101
-137
-7
-1
-92
12
-54
104
86
-30
-108
-138
18
-64
18
57
4
-256
47
22
-106
228
0
-4
170
143
72
135
189
48
104
-14
-261
-32
10
43
-91
21
-82
92
-103
-124
-95
-124
115
32
88
-91
-6
-59
169
-22
171
35
-5
-8
-172
-87
-46
16
-195
173
-74
12
55
198
-119
-110
-144
74
12
-316
94
40
-49
63
118
-141
93
169
-88
-193
-24
-146
-68
68
-94
-59
49
19
96
-127
78
-3
-19
-61
-98
116
27
-49
56
-35
27
-70
9
-32
-96
93
-15
107
-68
138
-97
-97
-31
-232
30
109
111
-47
124
19
-45
-123
-66
114
110
195
27
35
101
-99
75
-21
-10
-217
-142
50
-109
26
-114
135
-32
14
17
99
58
0
42
-137
-88
-1
164
145
240
-18
178
-21
-80
138
31
42
180
76
-108
-146
-74
-136
-110
-17
216
14
111
134
48
54
78
-115
117
-27
-28
53
-87
12
63
79
-124
-94
19
94
185
14
-96
-34
-161
130
81
-2
96
39
-7
-36
3
-50
41
68
-67
150
-26
10
-38
-190
-123
76
-48
-99
26
-162
163
20
116
-5
-139
66
-132
208
-139
-132
-127
-18
34
101
-102
-180
40
31
-46
12
-82
24
-72
-183
-125
-114
-88
171
24
149
-13
229
-2
-80
-40
-132
-108
73
-95
66
-74
140
155
-157
78
15
74
1
-182
83
63
42
60
101
55
-163
99
-18
22
36
1
-11
24
-45
-77
143
97
-38
3
4
44
-83
20
6
-196
130
-122
60
3
-11
51
-133
94
-117
-68
153
34
51
-30
-65
152
18
225
-85
-40
40
130
-81
78
86
37
-22
153
75
-120
74
-204
21
-221
98
-27
37
72
171
25
-33
-101
-9
-76
64
53
-134
-25
-29
18
-19
-88
-80
118
-31
109
-92
108
-88
-98
-76
-117
-12
75
34
304
-234
-85
-30
-92
-130
-79
-119
146
-44
61
45
-85
-69
2
61
-152
-56
-198
24
50
-99
-93
90
-46
-84
60
42
-53
60
-44
-71
56
59
44
-46
73
122
165
-8
136
-18
56
141
82
9
-17
-127
191
-19
-20
-3
-119
-56
0
-27
35
22
-90
24
-60
-204
146
-19
70
66
123
-33
149
-36
-31
-9
-82
80
35
-26
-99
0
-1
-36
-3
25
-48
-132
-78
-151
-53
32
134
172
55
-33
33
1
-56
8
-84
173
37
209
59
-143
-177
-132
-169
-140
2
113
-91
-192
11
171
136
77
-188
62
-14
14
10
30
-108
-158
-159
-20
45
9
87
-67
182
-174
126
-40
-84
4
-82
-90
16
210
-22
-165
44
-112
14
-109
79
-152
117
-101
14
137
15
-158
-122
-97
-103
-5
72
-124
51
-115
132
138
55
74
4
118
169
-89
19
-39
-125
65
93
128
45
2
41
-141
64
101
-170
-59
16
-1
15
11
-49
-38
14
114
-21
-78
-97
-156
9
-179
7
110
-92
-122
121
5
41
-142
-14
66
44
-137
-27
19
-126
-72
-28
53
-59
-44
-227
100
3
117
194
56
139
30
-152
-44
63
-164
137
-21
82
-81
-53
98
-70
116
-191
-259
-142
-60
-74
-20
-33
-63
57
2
-41
129
-245
-4
115
132
-51
143
11
-22
93
-37
-122
-11
150
-21
-33
-115
24
17
97
12
-109
-96
-103
35
132
-8
-3
-18
48
140
-41
-51
-76
-78
-25
-74
181
48
-58
0
99
-263
-89
84
35
64
98
147
-75
-51
174
-46
68
-7
171
-108
10
55
-152
70
-2
-84
-136
88
-49
179
36
-29
-119
133
120
-10
-82
-154
-66
35
-99
-24
-124
-142
73
-141
-44
149
-2
83
41
-91
-131
-27
-18
-6
84
163
-292
-120
-1
-122
-126
12
-31
88
-9
70
-63
13
105
-50
176
-69
13
-258
-19
-86
190
38
-76
97
-172
-50
-196
-68
106
-39
-41
-102
-21
-58
126
-88
-6
-50
-136
79
50
55
143
-79
-55
-45
19
-31
-2
101
-11
-77
73
23
31
-80
43
-19
-34
-23
-25
-23
51
-11
103
19
90
5
-1
23
-72
-54
118
28
-90
-128
-183
-29
186
244
59
172
-76
70
-43
71
-10
133
82
67
-10
-95
-38
0
-25
-98
97
212
-45
49
-69
118
44
111
118
-161
-14
4
37
20
-62
31
23
-1
22
41
44
40
-43
-50
-49
70
-8
-11
115
132
-77
-92
-25
124
-96
120
-93
-24
-15
-110
-179
-174
-53
18
-33
-55
188
-213
-14
-29
-159
-215
-31
-18
-51
2
-66
58
163
95
-270
20
-10
44
-111
77
142
120
-95
-15
49
-18
-70
-133
102
7
-141
149
48
68
67
6
-19
-77
77
-14
-131
-50
3
-71
-114
-116
-218
18
-206
82
129
245
-25
-52
-51
44
-70
114
-45
-23
110
52
-23
-102
-46
-160
10
-45
-192
4
11
-13
-4
64
144
-122
-42
-84
-120
-61
-54
-166
33
-56
111
-97
-91
-21
-29
69
8
91
63
2
-60
-119
-160
16
7
-66
52
-49
31
-36
23
116
121
110
82
153
-98
39
-7
39
-36
149
21
-155
-83
83
-114
-94
-180
-65
-46
92
123
114
285
-107
91
3
20
-119
-157
-9
10
-106
31
217
-14
63
-111
84
-192
19
11
141
46
-163
108
69
72
11
248
-10
163
41
43
41
149
-87
-58
-107
166
-191
-123
7
-179
-107
0
-61
69
52
24
296
-103
50
61
-51
163
-71
-72
39
3
139
-101
13
93
-117
82
59
218
92
-39
-58
85
-43
170
29
13
-34
-68
-7
106
183
-210
-74
76
-11
-79
-32
51
-34
11
-238
-13
33
-64
42
151
15
194
4
43
18
-120
164
56
-57
5
68
-171
-72
0
-102
100
-80
56
-1
149
-93
35
28
113
-67
146
-41
46
-12
-172
35
-40
15
-78
-37
4
253
28
-49
193
48
5
-55
-53
54
92
-25
115
-27
-40
171
10
-13
6
40
-92
-139
44
-95
-43
-49
18
-138
-1
-67
-19
-14
45
184
-130
168
84
44
-83
-29
21
123
92
-1
-51
-166
-158
120
90
-5
87
50
74
127
-74
49
85
85
-17
23
18
-5
2
48
-79
-100
4
-24
23
95
-41
-116
145
-82
-117
-81
136
44
47
61
-96
52
-28
44
-8
-6
-81
-42
154
-9
-5
4
131
38
-103
-78
156
-179
-11
-117
-72
35
140
13
76
4
170
-152
65
-92
66
-70
-127
-153
106
141
38
-48
-14
151
-133
-24
-8
-110
-83
-85
76
-78
-101
85
186
-309
-95
56
-81
187
30
-168
137
74
105
-70
37
-118
-31
58
32
29
99
-46
-72
-89
32
60
-129
-87
102
42
142
-136
129
161
96
-117
12
22
-76
-17
-36
169
20
198
207
-29
-105
-149
185
-12
96
-155
31
0
-34
126
7
128
66
-26
-22
81
14
-54
70
-117
-136
18
200
-155
188
-37
49
-78
-80
34
-68
89
125
-51
112
-5
-69
-97
39
1
48
53
-44
89
10
124
-174
65
79
66
32
159
185
47
73
-252
219
-180
150
-49
29
-114
-140
-91
39
89
-77
75
-126
-82
41
-44
72
-25
110
70
58
-71
32
136
-11
-9
-44
53
26
144
-17
-258
-114
-117
6
62
-129
-89
54
-136
-169
8
74
-6
6
-4
-163
-145
9
-87
-50
-318
106
158
-194
-73
-127
-97
-7
73
-28
-137
35
-161
-95
102
-104
181
-61
-118
-34
-100
73
79
-114
-113
141
92
-138
-37
-152
38
39
118
-82
-25
12
-56
21
-14
73
97
-71
-88
52
103
96
25
211
-32
-16
37
56
-15
-104
-78
-60
73
-42
21
-44
112
22
111
-74
134
79
-108
13
142
78
-112
-50
213
-149
-116
-50
-42
25
31
-5
10
-9
-177
-232
-34
-27
0
16
22
-67
142
-270
5
191
152
125
-172
-67
-40
-135
-13
35
110
-117
-108
-47
74
-10
-62
59
44
-98
41
-8
38
-33
-10
23
148
23
-159
-97
-69
7
85
136
48
-115
159
-10
54
-61
53
51
-34
28
224
34
-68
-73
-19
114
-99
-157
11
99
-216
-5
-4
-99
47
83
-56
-147
36
50
88
20
-38
62
-139
113
166
162
103
229
-94
81
100
125
97
-112
285
-103
-122
-36
89
157
171
-55
2
240
179
-60
76
6
64
44
61
-29
35
-103
82
-57
-15
9
48
-165
-35
-135
152
-127
6
81
-24
203
24
-96
108
-9
-123
-133
25
39
-96
-57
188
102
-184
90
-131
82
101
-127
21
44
-88
-39
-87
-89
-52
-74
-49
-204
-63
212
124
-59
-111
-40
0
-92
118
74
-1
-53
98
-119
-9
-50
80
36
-13
-25
31
-2
47
-18
-65
-77
-115
75
161
302
-49
-47
83
115
82
69
-64
-36
-4
-103
-113
126
-51
-44
-158
156
-21
119
59
-172
-84
95
-32
113
-191
20
-51
216
178
117
-27
118
59
-157
62
-70
-13
40
6
-74
-44
8
-151
-96
88
140
-70
44
91
24
-55
-12
-118
41
95
-63
24
-73
28
34
129
-80
98
-107
-73
-15
51
-64
69
-76
12
-160
34
1
48
-65
119
323
102
-44
23
-52
-48
38
-71
-22
-77
195
104
137
81
58
-95
76
33
42
102
-29
110
-55
5
-8
-44
-258
135
193
-68
40
-184
-134
38
25
-95
-42
82
-1
-90
72
-69
-60
61
-17
41
3
-58
-57
-32
-142
50
-43
65
6
-89
-70
2
90
144
-28
78
-90
-125
188
-37
13
13
96
-78
41
-32
60
47
-76
-235
69
22
-29
-112
172
161
-63
-62
-203
71
-89
23
-89
-74
-63
-131
-4
-11
-20
-26
-112
79
150
-158
88
200
69
-66
126
-221
101
-31
6
14
148
-108
41
13
103
-270
-12
70
-124
-9
-158
5
-121
31
-80
89
259
133
3
-24
-188
92
-16
11
-22
-15
-40
-59
104
-67
15
-180
35
0
-108
-55
-75
-96
97
194
5
-19
100
18
-202
-183
-66
24
-27
84
-193
-49
286
69
-102
-24
-81
-49
17
-152
102
-115
-43
-107
9
7
-3
-22
138
-56
-15
-79
5
5
-70
-24
1
-12
-147
113
115
-110
-88
11
212
-143
90
-42
81
17
0
-95
-176
189
74
153
-116
24
-9
-43
-78
108
-66
-77
-71
101
50
-82
-43
-213
-59
37
-167
10
30
83
35
64
-74
-139
-4
73
75
-100
-77
3
-157
71
-19
117
7
64
-127
-31
193
2
181
-137
-98
-73
-128
-35
-137
58
-36
-35
-23
-59
76
-86
59
-85
122
-188
-73
214
-81
-65
29
-59
99
26
83
-164
-12
-127
-31
-68
119
-49
53
38
28
-106
-39
77
-104
104
76
-49
-108
-216
177
-48
107
25
77
-35
-6
55
54
-50
105
-101
-92
-38
-129
-140
-84
140
-112
-26
54
-258
-74
14
-84
-33
152
111
-176
124
31
2
-100
-20
-142
30
135
42
43
-63
-30
105
77
18
26
133
168
-30
-82
1
80
-212
63
-73
30
101
72
53
170
-208
26
13
18
-31
-29
-65
-78
169
16
41
139
-89
-55
137
9
-29
-144
-83
-36
63
-94
-93
-15
-179
44
67
-57
42
-100
-56
81
76
88
-61
68
9
-94
145
-68
-87
14
-65
55
-22
-69
46
74
30
128
16
-136
-20
135
-67
-38
-51
103
73
-29
34
109
94
184
-103
31
70
-163
-80
64
-122
97
40
-18
-180
93
-105
-49
-6
106
-78
77
69
-9
66
79
-13
-48
14
-27
86
56
-74
72
5
-159
-27
6
-58
-204
-56
9
-85
77
-111
-46
187
-72
-143
126
57
71
-17
-35
2
55
78
-32
190
-33
97
-24
-25
70
-131
146
33
92
35
41
-100
8
-84
11
-71
-47
-24
83
21
143
33
13
-4
-12
-16
-247
-103
145
18
25
146
23
24
-63
85
28
-127
-65
-81
4
92
7
87
53
-28
37
45
59
52
84
134
71
240
240
-139
-49
-128
-144
-174
8
-130
160
-137
-176
144
-89
-74
-96
21
175
236
-10
60
89
30
42
64
-97
17
9
44
177
-83
-108
-67
50
143
5
-55
24
-136
43
-105
-172
-80
-68
20
-140
-77
65
175
3
-16
32
-104
-94
55
-7
-50
89
-32
32
34
108
33
24
-9
-72
13
42
-6
-32
-52
-55
-61
-105
189
-135
165
11
-69
0
102
141
-148
194
79
51
33
207
78
88
45
188
-143
-64
-39
108
197
87
-32
2
-139
-29
-14
31
76
-1
170
-61
-27
170
-65
50
91
177
111
-199
195
140
13
-135
-30
-127
-24
-112
-21
92
104
-59
-16
-155
7
82
97
105
-191
41
87
-90
8
161
152
12
23
-179
-102
99
86
104
-161
54
-15
-8
-233
125
62
146
-57
59
-60
123
-140
24
13
144
-166
181
27
13
12
227
-113
47
-183
53
-9
12
-53
26
138
36
49
86
232
-52
-98
-114
-5
31
-29
-62
-42
27
-57
83
-145
-43
35
113
-83
80
13
-71
-35
-3
62
-75
81
84
64
11
47
-32
71
17
13
-46
13
-61
-159
88
-139
-155
-177
128
130
-39
-211
121
10
-47
-40
115
46
-265
154
111
-47
173
13
49
-197
-92
8
8
102
-37
147
136
114
-176
108
-117
-32
-54
69
11
143
-131
44
57
30
1
53
25
-65
-137
90
-41
-32
-136
42
-112
-17
-96
-35
3
-42
102
26
-27
-77
79
-90
-157
-151
-53
-39
-107
-59
148
83
214
53
-55
-119
-140
-254
59
-34
-4
133
-153
-32
59
19
40
-47
-75
-6
1
-90
247
40
-137
-10
126
17
104
18
-64
66
57
-32
210
-213
20
149
-146
-91
-172
-52
-107
84
-17
106
109
143
33
-95
98
132
-26
11
44
65
-65
43
84
-127
-103
-84
16
178
184
-17
5
-92
187
-120
-124
8
-65
110
134
85
-64
82
-99
202
-42
122
11
-125
-40
76
-77
123
101
-35
-7
195
107
-106
-14
-71
-173
11
-50
30
81
-102
184
45
149
47
-161
-87
-39
-69
55
140
47
-2
-25
40
147
-5
-71
-18
-90
-65
82
-51
5
56
24
54
-10
-89
135
-33
-148
201
173
-61
68
234
233
-124
-202
95
61
6
19
-15
9
118
51
33
48
139
75
47
-67
179
94
27
196
-42
-62
173
-47
-29
-159
153
70
-59
80
136
-198
-150
-272
113
-18
-11
55
169
93
157
218
87
-138
-39
0
-80
-36
-54
59
129
-104
-66
72
86
-101
125
-90
83
-52
333
6
68
20
-159
-24
22
-3
-114
29
-128
-108
-1
-39
-131
-98
28
-93
-74
-45
205
123
31
-116
-41
63
77
129
91
102
34
-53
-89
-70
65
1
153
-214
2
103
23
57
64
-104
29
140
-87
-90
-26
141
-47
-213
-68
-74
216
-72
-27
-33
-44
-24
33
-91
-21
-54
-18
-147
-38
22
-143
-108
46
30
40
99
-22
142
72
20
141
0
-58
72
71
-19
-29
16
18
-166
44
59
108
-148
136
-177
33
34
100
-48
59
31
-55
9
-4
-21
48
-138
-49
37
122
4
-82
46
-122
-90
58
-154
114
83
-143
15
225
-29
-44
-39
27
131
-212
13
86
-278
19
-158
-74
82
81
-8
22
-76
-34
43
81
83
95
-162
-1
-74
-42
-105
69
-14
-58
50
-100
42
3
-26
87
59
-171
1
143
49
25
112
15
-177
96
-50
-143
-93
-145
-221
-61
-112
41
-193
75
-63
-123
109
-85
-134
187
-89
-1
37
97
38
103
-36
19
134
-190
179
-91
96
35
-45
-71
-42
-10
-117
41
-3
103
106
-31
-20
-60
87
129
-35
46
34
-6
152
49
-132
-86
-18
49
120
78
-55
128
-227
-151
64
94
-94
-97
77
128
-30
120
37
-135
133
142
-43
55
86
-141
-173
33
23
138
86
68
-49
98
-30
-133
40
-83
-55
-261
8
38
-78
-24
-123
-129
80
124
-9
-46
-38
-67
7
-126
48
-104
29
-13
-70
172
94
-86
-20
-107
160
-174
155
-100
85
-165
-106
49
69
6
78
26
205
91
2
89
57
36
-42
-22
-154
-83
7
-5
120
124
-20
-35
117
10
56
-192
35
-16
235
194
-107
-50
134
-130
-194
-55
96
30
-101
-5
26
73
110
-28
-108
55
69
64
-83
133
45
-160
40
-90
-75
-107
-46
78
141
-44
-59
39
-14
123
-16
32
-108
28
82
74
-154
-35
-28
145
58
13
-74
143
-74
-51
-104
83
-36
-6
-108
-132
-52
-151
88
93
-168
-41
-204
64
-13
67
-162
3
-248
98
20
-70
105
-44
-64
-84
17
172
-53
147
-132
105
-21
-92
29
9
-92
-35
33
-1
65
-96
55
159
-24
-94
-31
35
133
2
82
135
-146
71
152
-73
32
-180
126
-36
-45
-101
175
-140
-93
32
172
-5
244
128
188
-90
-21
75
-151
-93
-57
-148
-112
131
154
-46
-69
56
4
-20
62
-92
-40
-55
-10
-110
-44
-96
0
9
-66
-12
-11
-64
-65
142
16
26
177
13
132
-190
68
-45
18
-42
-53
-35
-75
-143
-136
59
-64
208
96
24
12
114
-78
94
-158
21
-4
-198
118
69
-183
2
67
-172
-20
-20
81
-128
158
41
63
205
85
-48
-34
-14
7
-3
33
-159
55
-85
-9
98
-18
22
-83
73
73
-78
36
149
120
-5
28
22
54
-21
-19
-54
4
149
109
18
-21
-128
-100
-32
-24
-132
-6
156
1
-125
37
26
107
-150
80
-187
-2
-25
-55
-142
-27
67
58
146
-1
-15
-63
137
121
-76
125
-116
-165
99
24
98
31
-88
-19
-18
67
31
116
87
-49
-179
-11
-172
94
-51
73
-76
98
-25
2
-8
-164
-94
49
-8
81
-17
24
-96
11
98
-24
203
-111
-55
-178
140
-142
109
-59
-88
76
-138
-9
62
-69
27
105
32
-31
-77
25
37
80
-125
-7
-110
152
-96
-55
83
-69
47
114
191
-2
-50
-119
6
-236
-5
-132
103
-26
39
-12
68
62
-72
68
200
73
46
-63
-210
-54
100
-160
-113
61
11
-10
151
40
-77
141
65
-68
101
102
-112
-66
13
173
-120
93
70
-53
-74
-37
318
-116
-126
92
-115
-141
78
84
-52
-76
22
-20
60
-222
-63
155
14
132
107
-48
-93
144
47
-224
-44
103
-106
38
-128
67
-121
63
-22
109
37
45
29
-64
151
-148
91
81
112
79
142
85
-29
28
-54
-15
-50
45
42
-103
-165
45
-186
-118
130
-156
138
31
-260
71
-66
115
-3
-69
-26
-29
-81
42
153
-165
-99
34
126
28
-137
5
44
-153
-113
11
-38
-54
66
-16
-129
12
-62
82
-16
22
-169
-19
-169
222
33
118
23
81
31
-23
-18
-104
-24
39
-70
167
-297
-58
129
120
69
-78
9
67
24
-142
23
20
33
-64
26
38
-38
20
-38
-57
159
66
119
199
3
-66
-152
-73
7
-54
21
70
20
199
48
-165
12
13
35
-30
-68
138
-69
20
55
-67
169
44
23
140
49
142
-15
-59
18
26
136
-220
217
13
8
-171
102
109
150
-168
164
-120
118
90
134
-105
-48
-69
87
15
-107
129
-98
33
-123
61
22
-224
54
-238
-162
78
71
28
-3
3
170
146
208
21
-136
55
56
-29
-87
-188
114
-28
121
-193
63
126
-84
50
133
74
-31
-43
-104
-153
46
-88
78
-62
-29
23
58
19
-124
138
-72
93
-69
-76
135
86
89
-96
152
-34
80
-6
-191
0
61
5
30
247
-39
232
-9
38
60
70
-15
-15
96
-161
245
156
-66
-54
137
-47
61
34
210
-22
129
-247
-106
139
-19
13
38
-21
-89
210
-45
-115
243
37
66
90
171
-54
-82
94
-85
-87
-73
109
91
-131
146
35
-16
-4
-58
-69
-50
-211
100
-139
-69
-89
40
119
-80
-22
-182
-186
-24
31
-60
81
-113
25
69
-4
-19
-110
-6
-4
4
-88
-40
69
151
1
-20
207
-61
-107
3
-15
60
-78
-40
-23
-28
34
29
62
-112
95
136
-102
-37
-49
-146
91
-9
153
-17
144
-39
65
131
77
130
-183
104
-117
-132
-32
11
78
65
29
44
133
59
69
57
119
-59
-226
80
-60
26
59
36
68
28
-62
-76
91
109
-7
-16
75
41
-79
-96
33
24
67
-6
-27
-36
-8
28
-163
24
60
-110
100
44
-149
-123
237
1
26
119
-133
2
78
-76
56
10
57
-152
62
59
31
27
87
-107
54
152
-16
208
0
-79
-38
-126
-89
-100
135
-1
-19
-22
-50
-158
38
13
19
166
147
179
-179
16
22
16
-115
-10
48
38
-182
186
60
17
-19
38
-211
-26
197
46
-14
-106
-141
-116
-81
-16
-119
107
-88
84
82
101
76
82
32
-159
-113
158
276
-27
-4
20
122
42
9
-19
152
-112
-57
52
-118
50
-10
-22
26
-152
2
-66
-63
25
120
48
81
-126
-89
185
-149
2
22
27
35
-41
-18
260
177
148
212
-97
-88
16
-45
-134
27
80
0
27
-31
-41
-17
-160
-14
-178
-69
-75
104
43
64
118
-139
-156
-44
156
-112
-10
-190
-167
-93
-83
206
132
78
23
87
11
-43
100
6
-39
-266
-108
138
26
-49
-21
159
-9
-59
-121
63
9
-115
-61
97
121
-56
32
74
168
-9
172
56
132
-55
-36
-27
57
47
103
176
7
13
-66
79
-131
6
-5
13
-43
-35
6
166
103
0
51
181
223
-12
70
129
-62
34
170
-70
-59
50
-39
-77
85
89
0
122
55
-22
-61
-120
-109
19
-170
-22
57
-101
91
1
68
178
43
-122
158
110
6
-10
-41
22
116
2
-79
-264
-84
-35
33
-101
5
25
83
9
-62
-156
50
-91
149
-16
-62
-119
40
62
-135
110
-24
-106
-103
-117
-135
94
44
86
24
137
35
-129
-105
-163
86
-19
-92
-102
44
-43
18
-86
134
88
-68
-29
-94
70
97
99
-24
-126
110
-72
-40
102
106
150
4
-84
-9
-100
61
35
139
55
23
120
4
274
-36
-24
117
-202
72
84
-26
-45
91
157
83
112
-7
121
-299
147
-137
-33
165
129
166
16
156
149
-53
-114
114
160
-179
-34
-42
52
101
56
132
56
-47
66
7
-20
-4
-18
-52
-153
33
13
111
10
93
-35
-124
109
-23
12
-17
-136
81
8
122
17
62
77
126
-12
-50
-16
-144
87
-169
70
-87
-70
67
-25
5
55
-88
72
159
44
-220
143
-111
-65
-99
-44
-63
-180
15
59
68
148
13
1
-19
155
20
-203
-196
-2
228
-167
58
-79
-146
-97
-67
-19
104
-25
48
69
-120
18
6
97
-22
87
107
-86
78
-5
-16
91
13
-46
-117
-136
52
45
-101
-32
-40
27
130
-56
58
-26
97
-85
139
-64
52
-5
70
-57
-9
-48
-79
-181
132
-87
66
14
78
33
42
-44
69
-264
28
102
-124
-60
41
80
40
-53
200
227
63
-29
17
-130
-9
83
-64
38
144
60
65
-97
192
102
6
18
-144
29
100
-72
-49
55
159
-133
-42
196
18
93
-21
-3
-52
205
124
52
2
-125
23
-53
-44
6
87
70
197
105
-154
-175
-59
83
48
-43
-27
96
148
66
-42
-88
-46
-32
63
59
14
-31
187
-33
-329
11
-122
-122
-64
27
138
24
-19
55
96
-192
132
3
132
187
164
6
25
-144
-113
-45
-76
-79
-59
25
-57
182
29
75
76
82
-63
88
39
-11
-85
-10
-312
-39
-53
94
-165
290
81
68
-37
8
179
176
87
1
-33
92
12
-20
19
37
152
151
72
73
33
37
64
178
60
-6
177
-54
-8
23
41
18
-20
79
-69
-233
-174
-13
191
10
-2
26
-57
82
66
41
-94
124
155
7
-16
-152
-20
-89
-73
89
41
-95
1
-156
-35
-82
-160
133
-149
-87
39
2
36
87
52
154
4
22
81
21
-62
-34
111
158
-12
119
-148
181
-45
7
-33
113
-78
-69
-93
25
40
-42
42
71
83
13
-59
21
63
171
-339
-119
-227
97
-73
44
58
-38
149
154
187
-162
-29
-79
75
42
-31
-60
-49
13
-32
96
10
-69
-161
-96
201
-222
-125
98
-129
-153
50
63
-4
-112
-16
-43
127
-68
-5
-169
-30
-99
24
184
-50
151
-101
-97
74
-200
18
-141
32
-52
120
-24
112
58
72
38
115
-121
104
-93
77
-26
-7
-92
57
57
-27
-160
60
5
180
21
98
50
67
115
228
-3
44
55
27
-6
74
-50
2
-25
-8
-10
-51
-9
-184
-8
-2
-92
-38
138
-56
-12
-152
104
-48
-141
1
-55
-31
70
-65
-183
-8
9
-154
-123
134
-112
62
-178
49
98
17
-182
142
-3
-68
35
43
-97
126
-102
84
-212
-84
-192
-40
-4
176
5
54
-44
-94
50
-43
-194
-97
25
86
-194
-105
-107
13
-128
-42
-43
10
-89
-48
-39
-162
-25
43
-193
-41
97
-17
-31
160
29
156
-14
3
-111
68
-181
-85
-47
67
-63
-109
-222
-79
131
-77
-233
2
-63
1
-44
-31
-140
51
-25
-19
126
-80
81
-13
-43
-50
83
50
-77
69
-6
87
153
64
89
61
35
94
-6
-266
74
-177
-126
4
30
200
-101
-158
62
-85
-72
-75
-45
-36
-8
14
127
-25
24
83
-42
-18
-81
51
-164
-78
141
-53
-104
126
-131
-44
8
-160
30
4
-28
69
-49
-166
41
45
102
-15
-57
-31
-42
-137
-119
-21
-74
-41
-175
25
-160
-101
-34
-5
-194
-72
88
147
214
-34
121
33
-53
14
-55
-49
-108
-130
-161
-5
1
-173
52
74
-63
-113
-39
144
-143
-66
2
176
26
-162
46
-64
-206
-75
-113
-8
100
-183
-162
-27
-19
18
123
-24
-47
-41
56
139
91
-270
-174
-4
81
-162
-25
50
300
145
-61
132
-81
0
-23
49
11
70
-57
20
-103
-51
-162
-16
-51
-35
-55
-95
-105
-130
-206
152
-229
-20
132
131
3
85
-50
-100
100
133
-156
-14
-146
171
27
102
20
-75
75
2
-13
-138
-30
-35
-93
-100
17
71
-155
-29
178
86
-148
-90
3
-118
0
-248
17
-19
2
24
-77
171
-79
-143
-175
-35
-72
-57
-94
-194
-78
42
-45
24
-42
4
111
18
-92
-37
-121
83
-23
135
28
37
103
6
-11
-143
-68
109
-75
-64
-200
-173
-64
98
72
-86
-49
-32
204
-74
41
-88
67
-224
70
68
-159
172
14
-106
11
155
13
-45
-106
1
-145
-16
-38
209
-56
-42
-280
162
77
-59
-66
43
-91
48
-108
-143
60
52
152
-40
-75
9
232
100
32
-60
46
67
35
-114
-30
-121
-69
20
36
221
195
127
111
3
7
-132
-107
16
-38
88
86
-30
-183
10
92
-220
-50
-76
-42
18
-142
124
40
6
153
-102
23
-189
5
-71
-3
-5
0
-60
102
-58
41
80
-87
-50
47
-127
-95
-213
186
61
-195
-120
76
10
24
-229
-36
-28
54
-43
50
179
241
-27
165
45
-69
128
88
70
-102
-19
51
-43
-73
111
99
107
-247
30
-39
-116
-26
-7
198
78
-145
249
60
68
65
29
-104
-31
-112
-33
-40
-51
-18
97
-70
89
213
3
-233
-94
-40
-60
-84
49
19
90
-51
-3
-116
-63
-27
16
59
-42
16
-57
-93
-66
-25
115
-22
104
59
-38
-135
1
46
-12
217
-66
56
17
-27
-42
40
-201
-23
98
2
-31
85
-121
121
52
170
14
-120
-119
31
36
148
-77
-99
119
-192
73
32
23
86
-125
78
28
-127
83
-43
134
-22
82
1
7
-105
42
86
6
-100
125
193
228
46
92
-121
51
-83
124
-71
-31
46
51
-161
-28
-85
-12
-65
82
-60
-81
9
16
37
99
194
78
57
-25
-13
282
47
61
236
80
38
104
-25
61
28
-126
162
-47
-29
115
97
-60
-52
-85
9
132
-113
68
287
87
-21
-14
88
78
7
-23
-55
-21
-34
131
-53
-168
-54
-171
107
-125
57
62
35
146
72
-100
-74
19
-218
-17
97
146
221
118
70
-71
-1
-169
114
-92
99
-59
33
66
78
-9
75
27
136
-192
42
-25
-21
65
-50
-40
91
66
-10
-96
107
-36
-110
-143
151
130
87
-100
-2
106
-54
-85
-4
88
-16
-53
-189
-112
120
-46
-83
24
11
-85
-97
25
56
46
-95
-75
-129
-35
-119
84
114
-158
115
-6
-39
182
-31
113
-81
110
-29
65
13
10
82
7
100
48
-49
-7
11
-55
36
-5
58
147
106
160
-65
-60
17
-101
175
-107
-122
-58
99
42
105
89
68
144
-105
-31
-63
-19
-186
93
-65
-17
-184
95
-108
-13
-20
-29
-49
111
44
-73
99
-35
23
198
-114
166
99
-40
-111
-85
-56
-88
80
41
10
-64
31
5
-237
115
-28
105
44
-187
-87
-5
-36
92
126
-31
66
-115
-105
37
84
103
-93
197
-27
-52
-301
-17
216
23
147
-45
-27
184
156
-60
-25
-176
75
86
24
-102
91
-22
-173
-59
75
-86
-107
-46
38
95
-21
-13
-17
165
31
37
45
-108
-2
139
5
-59
-15
-179
85
-184
-27
49
-124
132
-153
83
15
60
-16
35
0
90
98
-82
-2
52
-90
145
-48
184
-71
-17
-45
-64
98
-129
55
-39
258
149
-14
48
32
96
-83
184
-56
-98
-66
83
-7
-116
-117
-56
-13
-6
-30
-4
-96
-92
-149
-67
-98
136
114
-138
-27
-33
97
188
59
126
147
-3
76
105
-105
-114
-27
-27
13
-48
57
-136
97
23
-159
18
85
76
154
-1
131
11
-29
61
-1
63
-32
38
-161
265
156
46
-172
-14
143
60
-60
116
1
-82
102
-123
-21
277
70
37
-47
-58
128
168
119
-158
167
-71
142
180
133
-160
-56
75
-99
61
49
-75
113
8
66
38
34
16
-84
36
5
-83
-142
74
-222
113
13
-206
-14
-62
190
-62
157
86
38
-112
66
31
5
150
0
-49
-96
-175
-61
-116
17
-62
197
-22
-232
-34
-22
18
-15
35
76
190
232
94
-142
18
-19
-89
6
-24
91
-68
65
-45
23
10
72
171
10
-47
-154
10
92
134
-9
67
31
59
-43
-164
-37
17
12
78
44
-133
-36
-274
-47
-214
116
20
140
137
54
46
-15
-60
-39
-205
208
93
89
-96
-23
107
44
99
114
-58
98
122
11
44
16
35
-146
-47
13
-50
115
-25
-61
-32
67
-30
72
6
-11
22
118
17
-137
-117
55
-104
60
67
36
36
-78
113
91
34
10
-102
-102
81
-55
-27
-292
74
-95
77
-60
-77
-15
-229
-159
-57
-7
27
146
45
5
-5
-74
-51
34
-125
-112
-308
117
-65
28
-55
-12
16
-81
-144
-15
117
100
67
71
-107
54
-17
-125
-93
198
-27
170
33
38
91
138
-147
-101
-130
53
84
-6
-21
160
-45
111
-17
-47
-111
-69
-101
43
-36
-210
48
-22
-250
81
173
-139
72
-82
94
-83
-23
-42
9
97
180
-198
-167
-45
8
-65
7
89
72
141
189
-102
23
151
-88
-8
-142
5
-145
183
197
52
30
-1
-147
-66
-109
-120
-130
-32
-116
56
99
-47
-215
153
-233
-196
-50
-10
-13
36
99
60
39
75
-212
112
-51
121
87
-63
69
157
-88
-16
77
-27
67
-7
109
-15
-188
-37
-74
88
-83
6
30
37
120
102
71
93
-53
-1
149
93
-53
-113
52
-131
79
25
82
-12
112
-20
19
30
89
53
-95
101
2
127
-69
11
84
47
34
-22
-49
190
3
-69
-132
-157
-238
-87
108
-58
51
80
-128
23
-132
-36
108
-39
-128
20
85
32
67
-64
105
3
185
91
-39
-12
6
276
-26
4
61
-40
52
163
-117
84
-8
25
144
-45
-72
-42
-83
200
-57
131
-26
-16
-116
128
-6
-48
-20
44
-133
-78
120
-26
-20
-1
3
30
-26
-12
-132
-15
166
-79
32
184
-75
-95
64
-69
114
-56
38
63
39
26
161
-6
137
49
158
145
9
20
-95
-94
107
-137
23
-153
17
-124
-47
-76
152
-32
-127
101
199
45
-126
13
110
-18
-15
-36
-115
-186
-147
-67
68
-122
58
-215
-3
7
-103
-221
-9
2
104
-164
-22
-24
21
-49
57
72
-83
36
49
32
-108
58
-1
-70
-166
-128
128
160
-61
-204
171
-144
-23
-133
75
-147
54
-49
-36
215
20
33
-79
16
32
-142
-167
43
166
-11
53
-68
-46
31
45
-92
-21
-183
-55
-99
172
53
-70
-236
77
21
31
-70
63
-56
50
118
160
-106
20
86
-47
15
-162
-17
82
29
-62
-178
-104
112
66
-124
-114
-122
-149
74
32
55
132
-129
16
37
26
114
-2
39
-160
-24
202
10
73
-81
-339
104
-140
351
-13
3
135
-135
63
7
164
-164
-256
-164
-157
-121
-57
-114
2
-124
120
65
223
-67
-78
120
-88
147
42
-34
35
77
-47
-18
5
145
-89
-15
20
-10
-20
141
-35
81
-99
17
77
241
19
-116
-81
-7
42
-33
47
-28
-11
83
49
-40
157
15
-80
22
-78
178
36
68
62
81
14
87
-80
20
-56
-195
17
13
59
-48
179
79
39
8
9
-41
5
2
113
11
132
166
-117
-11
-37
44
72
-134
-158
47
72
-71
-15
-2
36
-65
135
41
-61
-2
31
23
33
57
-40
-93
-23
-145
-205
-69
105
90
12
64
72
-93
-67
48
-22
-32
-19
92
-18
-268
81
-68
118
-116
32
-163
-46
98
-35
-7
-32
-141
-100
15
-83
166
-164
69
-137
-104
-115
-78
-123
-89
-42
10
33
-12
-111
-58
84
56
74
-175
-35
-132
-7
-98
23
56
-16
-83
-51
-188
-217
6
-96
-124
24
12
104
72
-37
-112
-97
-30
-144
100
-108
68
-151
103
-67
102
50
-111
-202
0
-33
-60
-248
-22
-29
2
-70
-50
79
72
240
-185
126
106
-60
48
25
-99
126
-76
-100
-11
163
26
82
-84
59
45
-14
-43
45
-28
135
2
-31
152
-12
-30
-49
134
-176
210
140
-94
191
43
83
-194
-51
-157
-96
58
-162
-25
-8
-81
192
-42
3
98
56
50
124
-74
-51
71
80
155
58
96
-11
51
-118
-53
-150
116
-94
107
78
-60
28
-21
135
-82
42
154
86
66
-32
-52
-180
-67
78
57
54
28
60
28
140
-16
-40
96
140
-130
-92
58
-80
22
-8
166
-105
207
-13
33
62
-97
67
99
9
-3
100
108
-181
210
55
-170
-46
-60
46
-245
-26
-97
150
37
-59
-1
-20
86
-123
-151
-266
-198
70
-123
-3
141
-52
-57
19
-59
88
-188
6
-91
50
-2
-92
115
-63
-32
-79
191
-23
-45
-2
134
-153
38
89
-103
-16
57
-1
-162
29
187
-125
116
-99
-15
5
-146
214
73
-107
-16
-73
108
-133
-130
80
125
123
127
53
71
139
-31
-70
81
-126
-42
148
-93
11
-205
211
41
-100
-44
21
-108
-69
17
17
-24
-70
-112
-125
150
-62
-23
-85
66
-8
95
-216
-94
-51
121
-28
-85
48
1
86
19
124
-41
-91
53
31
163
78
-57
141
-105
-22
-101
120
-17
14
21
-84
-119
-61
244
-143
128
-53
-71
45
-192
-114
-94
-27
-5
-40
-67
-74
-109
-8
-85
158
-28
31
-181
-191
-130
223
-105
-56
-124
26
85
42
99
-29
151
-136
73
160
72
26
-80
-176
-84
-106
53
-22
21
51
-93
-107
-12
9
-42
-91
33
78
-20
105
-14
88
-115
95
62
101
32
-38
8
-29
85
69
-9
-85
-86
182
-58
-10
-2
136
1
49
-23
-3
59
-43
-15
12
42
-1
-218
239
18
-10
-10
91
46
170
-112
157
-92
48
-108
60
64
-231
-27
1
140
-1
-73
-118
29
34
-78
119
-221
141
65
79
-50
-54
-27
125
-105
12
-113
193
175
-153
-229
122
-43
-36
-14
76
12
-78
97
-12
-32
-65
-168
-239
-17
50
50
-34
-160
120
132
-115
206
54
14
-75
-97
-30
31
159
-73
-38
131
-93
127
-37
-1
-107
-39
-80
37
53
-168
66
62
116
134
-127
81
-3
-76
-127
-65
-4
55
-137
-81
-54
-215
106
-42
-29
148
18
-58
-102
54
-61
15
-45
5
2
-214
-21
-28
102
-35
44
-59
-168
-71
103
-58
241
23
-172
69
69
-9
-41
-76
182
-143
-131
1
44
-30
-77
71
21
-9
-130
-100
-16
77
-138
-33
15
171
-110
45
8
-3
0
78
-77
-106
-12
-2
-79
-17
-66
-92
-71
-5
-109
-95
11
9
-83
-103
-53
-14
-147
-105
47
109
-64
91
82
-80
172
129
-22
-103
-47
161
217
-71
46
-148
109
82
30
28
-55
15
-107
-128
-264
18
178
-278
-57
-147
120
189
-44
66
-22
1
88
129
-50
5
183
-2
84
-39
-78
-218
-35
98
-94
-245
84
-12
152
-243
11
-36
175
-30
-101
-111
-167
-78
-5
-58
-9
45
215
-228
-52
-37
-107
103
16
39
-34
-121
45
-29
-10
18
78
-35
107
-54
151
-62
6
-65
-8
11
-37
-33
62
235
-142
137
52
-118
-79
17
-99
218
77
-138
48
123
-204
52
-23
-10
-58
-14
62
91
77
-53
107
-109
-115
-66
213
43
-102
6
135
217
86
-119
-4
-153
-126
-20
-276
-80
-175
134
-82
-112
89
-74
-51
13
16
-137
39
109
-71
-44
31
79
14
142
33
-158
81
117
144
103
-64
-7
116
-51
115
127
72
160
108
84
58
27
-88
132
-1
52
90
33
-126
-53
-134
-29
-34
132
-14
-265
-70
25
22
37
99
-75
62
-50
-68
149
-78
-117
-51
-100
87
-97
24
-37
29
-225
11
9
168
-224
-11
-138
-9
-143
-37
-113
-126
48
128
11
-67
-91
-34
9
-28
-162
13
-54
73
-75
-128
120
-59
-48
-3
147
58
-48
36
139
-36
16
-27
-167
-104
-87
-40
7
50
-138
-116
94
-83
4
71
-203
-84
116
-105
-56
17
-32
-37
110
-47
59
15
-68
150
-52
1
17
-49
-14
115
139
-63
-70
188
99
123
3
-46
51
-14
-29
-180
31
235
-74
-158
107
99
-173
159
-179
77
1
33
-203
-70
166
-24
126
-28
7
-77
-60
69
185
-54
-37
-77
-93
-19
-69
-24
-253
48
-55
-82
89
36
-87
-8
-170
-74
-24
54
115
-21
152
-42
128
70
209
133
38
-12
40
-113
45
-20
1
-57
-145
-81
32
9
1
27
-9
-23
-50
-260
57
52
34
-33
78
39
17
11
-113
65
24
-158
41
-94
-74
10
-128
-96
88
42
81
87
-16
19
123
50
-67
22
-16
-65
128
120
-204
94
-66
2
-35
30
-261
-52
-198
-217
-59
57
-195
-3
-245
-23
47
25
57
-132
-182
-113
6
-1
94
-18
-60
79
-38
-156
-75
71
93
8
-172
-132
-136
58
-10
12
-120
67
8
146
187
31
2
52
-147
-120
50
137
-3
-52
-142
84
-7
55
66
-130
-8
28
63
52
-207
25
-41
-50
70
1
7
-152
-8
123
82
-4
-96
38
-10
-44
-20
33
-55
11
-89
80
17
11
-110
151
49
-51
-72
-87
118
-49
105
-9
152
54
33
-33
0
-4
-213
25
94
-23
58
53
-150
79
-39
29
119
70
65
-137
97
-47
46
-34
-44
164
-2
90
-55
27
-65
-32
47
-88
-58
-38
3
42
-43
123
-211
58
-171
-64
65
85
135
102
72
-28
-70
-185
-90
25
-53
-62
-88
157
-89
128
-61
-87
79
-40
-10
-99
-74
112
-15
82
-212
-68
134
102
-12
-87
12
73
135
153
27
59
-61
-17
93
104
31
50
77
-147
-78
-34
-223
-26
-61
245
85
-106
-49
41
240
92
29
73
126
-122
-60
50
-46
77
-95
-59
-117
-101
129
-51
-85
35
44
-35
87
101
-24
-79
105
65
-149
28
-58
-99
-10
-11
115
-45
-134
-118
-69
-52
-18
96
-48
22
22
227
229
56
30
-26
19
71
17
101
194
-4
-45
5
52
37
-20
115
-21
183
-60
-23
64
136
107
75
-46
-82
-68
-2
13
-118
-234
-81
11
-43
-175
30
-36
32
90
65
81
72
-163
108
-118
58
-86
-88
87
70
163
-200
-37
-109
-176
-177
7
22
12
-20
-90
8
204
-130
9
112
-108
-55
-87
50
95
1
38
134
-34
195
-168
-69
40
-58
5
-10
47
8
88
-104
-77
-120
-139
-9
196
166
-122
53
24
-40
-32
-85
-29
189
-101
105
211
-59
13
39
115
36
-18
-123
-63
30
27
22
-78
225
-174
265
-41
66
-4
92
12
-35
-103
-21
-25
-109
-24
13
-29
10
-41
-68
-65
131
90
-162
-12
114
115
-187
114
-72
42
19
-15
-148
-48
-1
40
-155
34
162
16
-81
-235
68
106
-66
-22
-14
24
162
109
138
49
-131
-38
-11
-69
16
-34
-45
116
85
-69
14
121
227
56
267
39
-69
-170
233
130
-59
-19
77
-120
-35
88
235
-32
111
36
71
-42
46
54
0
-41
74
15
-137
83
58
139
-37
48
-20
-25
114
-39
-13
-93
-68
8
8
-36
-74
-129
-24
87
45
-65
-33
-111
48
-43
46
91
21
68
-119
-15
-24
107
106
-35
-115
-4
-46
16
72
50
-93
47
-1
-59
1
-176
-83
91
88
6
87
-68
14
31
-152
-116
52
-137
-48
88
-66
105
226
65
-39
-57
100
49
-204
-44
24
29
-42
7
-17
-120
113
-51
70
-11
-113
131
-72
143
29
115
-110
106
-116
-25
108
54
-112
-38
115
-70
47
-145
51
-39
-105
45
-118
25
-43
20
32
-108
-89
-18
-11
170
-36
-8
-88
10
-26
-71
-145
62
-17
121
205
-123
-73
-2
28
-103
-104
43
206
182
145
-5
-45
66
147
-7
-137
39
-212
172
70
53
-110
-126
-72
36
-143
-7
98
-198
-37
73
68
-237
46
79
-64
-80
-85
-172
-73
-19
-52
179
14
-108
-116
-2
-113
-4
-64
-86
-52
-104
77
51
10
77
-145
15
147
-81
12
95
-145
3
56
-213
124
51
-68
-144
-287
-76
28
-221
-35
99
144
-58
61
140
55
158
2
81
62
-120
-64
119
-113
9
-156
80
-22
-21
161
64
4
-17
201
11
-15
-73
-106
60
-36
28
-74
-163
-63
-150
-66
72
-35
19
77
7
-6
-140
-32
201
-5
72
22
-228
83
17
52
113
238
-18
-1
-154
153
-89
-119
-143
51
-60
-53
-163
-9
-166
-41
101
51
39
-25
59
-101
-171
104
-24
-58
-42
-9
-164
-36
30
-79
133
-83
-166
-124
25
-98
-40
139
123
-8
144
34
65
205
-119
-18
17
-9
-199
60
-102
-3
-48
-128
283
-129
-112
118
55
-117
-52
-53
-7
-72
-46
-61
-216
-95
31
11
-237
-50
43
-74
-93
-128
33
123
65
46
-32
-156
25
-86
102
14
-65
46
46
98
-90
19
-69
185
-60
-62
-12
53
141
-24
72
142
52
83
61
-9
75
-170
65
-132
-137
4
-33
-61
-108
17
130
20
-62
45
-70
-20
163
-59
-77
-121
-51
10
-91
115
-39
92
28
-166
84
175
-17
-10
-289
91
67
68
26
4
-108
42
-52
69
-105
12
41
-115
-211
-186
59
-14
68
104
13
-93
60
6
-31
-16
0
-60
65
-182
134
120
105
-102
36
24
91
-146
-33
35
-71
66
143
11
-183
-111
75
-29
-99
-20
24
95
69
105
91
-36
-69
-42
153
4
40
58
-10
44
-43
-32
-129
266
-267
-149
54
-66
-33
109
-119
-219
-110
-69
59
23
6
3
-78
-3
-27
-82
-42
83
-68
-12
-185
284
-99
100
59
-57
94
-35
-175
82
-20
-52
-114
28
-52
143
263
-108
-18
116
50
-62
-8
47
254
-116
-119
176
-60
-20
-75
70
25
0
-73
-51
113
106
143
63
-110
-86
72
21
-31
-101
-21
-72
257
9
0
-94
106
21
5
-96
-4
-65
-23
111
153
104
95
86
5
-52
-11
36
-44
-21
102
84
-86
57
-77
-53
45
-47
24
-177
-220
-23
-103
49
-200
110
-50
14
-88
-4
-90
-2
-86
26
-112
72
190
43
187
31
-141
-19
-3
10
13
-19
-17
-136
147
13
-39
199
120
67
-84
30
-125
-60
-63
-30
37
25
91
121
13
-60
105
246
-107
-204
113
69
33
68
-220
13
110
-10
259
-53
-62
20
99
146
9
-47
134
53
-133
-79
56
79
-34
-99
16
153
-64
-33
-26
115
57
122
152
-5
32
71
-33
52
-20
-11
86
96
34
-153
137
65
45
122
-34
-60
-45
-18
-63
-62
-85
223
16
-28
12
47
-108
16
-46
-12
-26
-152
-76
30
82
-49
195
24
-11
-27
21
-70
20
44
-116
190
-36
-8
52
41
144
-90
-24
35
-42
203
81
94
214
-3
-5
-145
72
107
-67
102
74
-17
53
-72
-111
-74
-30
37
12
-25
-7
-91
20
93
92
33
198
212
222
-88
-86
-6
41
103
-66
99
-117
153
-111
115
-93
-39
166
20
111
-30
-65
-4
79
35
-42
19
-125
80
9
37
9
179
-110
15
-76
66
121
140
132
33
-118
-15
32
-26
-87
29
4
41
49
125
-71
-34
-152
64
-82
-23
58
38
-74
98
-48
-78
-34
68
-34
178
-4
105
222
81
-38
-17
-132
14
-130
1
-7
221
-16
115
262
60
-61
9
-212
-28
-25
76
-100
-58
16
37
-41
18
-15
68
-233
58
-124
224
66
106
-79
-28
-84
-268
164
-158
101
-126
-118
69
17
-72
53
-202
-56
59
6
-13
-4
-94
135
1
58
3
105
-295
-125
-122
74
-36
-20
-3
-57
36
-166
-68
-6
-13
-36
137
-40
177
200
-26
-86
-44
115
-46
-35
57
-142
56
-25
-90
-62
146
5
-32
117
-42
-4
-22
71
-58
7
-94
-65
-94
-60
32
-72
123
-145
-149
74
77
18
77
58
-184
108
-59
123
-2
-92
14
113
-78
32
-115
-11
35
19
67
67
142
-73
-35
-65
115
-53
-71
45
40
-35
-19
10
22
-1
-68
-156
36
-11
68
220
-4
-175
-64
89
252
131
149
-7
128
177
7
61
107
-181
5
-98
-14
3
75
110
24
-199
-72
14
32
-22
-73
60
42
267
-157
-147
-111
127
-2
-39
75
93
120
125
-31
-204
-63
150
50
34
-40
53
-103
15
24
41
-125
-123
-101
-110
-7
80
116
-137
154
-73
-82
34
24
-154
-200
-73
-144
94
-138
134
15
65
74
-103
-27
-115
82
21
178
-79
114
5
98
-81
-135
157
-89
-50
-117
60
18
-19
-18
-55
-87
81
-143
-112
-128
-130
-96
86
122
33
-9
87
10
-93
-29
81
0
56
49
67
-18
-101
-121
-86
65
-27
-117
-48
-143
119
-46
-7
-91
25
-79
3
14
111
-73
99
-5
-132
-224
137
-93
-24
75
168
-16
-247
-37
169
28
-130
180
-124
95
-140
-60
-61
124
106
-53
63
109
143
-50
-45
-131
-58
70
19
-2
134
128
43
14
26
26
-105
14
-115
30
-122
138
69
30
-107
10
-8
23
54
53
53
-76
25
67
45
74
-60
122
-66
79
48
22
77
68
-58
-4
-97
-55
-87
-75
-87
41
76
116
-72
-9
-82
-104
-49
40
-214
27
-46
125
73
-55
-7
7
5
4
-94
133
-65
61
10
-80
-123
30
-139
-57
6
-15
110
-17
-87
-43
75
69
-183
84
-241
-69
-169
0
21
199
84
-38
154
117
132
-7
54
76
56
-144
-119
183
-140
108
241
-66
-67
103
47
-112
37
30
86
-154
-74
5
-28
143
136
-85
-138
71
-44
-38
117
36
-10
44
-47
-122
16
58
109
-49
9
-86
-50
-84
71
45
93
-4
-209
126
-43
184
182
24
85
-12
146
40
75
27
-143
112
-7
-17
-47
-62
-74
127
152
134
40
-78
66
-30
-28
31
71
79
130
-56
-70
-23
57
-209
9
-19
26
20
-173
-182
-40
-108
-49
-56
44
-136
-6
87
42
205
-2
-10
45
120
-58
-49
-52
-93
-240
-72
-69
-13
-88
-105
-187
-29
1
-135
-119
-103
153
113
-57
-172
10
-141
58
67
193
-86
76
-21
87
36
-96
97
-17
137
91
-97
-109
6
15
111
266
-134
50
-15
73
76
-25
-135
127
57
5
-11
-74
-74
13
-94
-185
-60
-68
-55
121
-13
131
7
22
64
98
-91
-146
-87
17
46
-45
-85
-25
39
-19
2
-4
-12
1
-63
112
-96
182
-50
130
-25
-273
-105
31
-131
130
-13
5
10
-55
126
-25
53
-148
92
72
-44
62
15
112
144
149
56
-89
-132
166
-18
41
-124
127
-29
-48
-61
-50
-73
-41
28
38
162
-75
-32
-49
177
-95
-17
-116
51
55
-183
69
-133
60
-17
-55
86
-10
-10
81
137
7
10
85
71
-63
187
-26
163
-70
-13
-32
-125
135
151
160
-28
123
120
-45
-13
-121
174
31
-27
156
172
53
42
89
37
-43
-4
51
-112
-205
-114
-37
19
-24
30
-23
-109
65
-55
36
92
9
-124
32
-118
49
140
100
-92
38
126
-56
-11
-92
38
131
7
-122
218
-89
113
-74
-45
-140
-85
15
59
119
-26
57
-201
-117
-119
216
22
94
4
-107
-81
-43
-127
118
159
158
-98
-53
-16
130
106
90
54
-120
-72
74
16
114
9
-16
56
66
21
-88
-252
-131
-30
-39
-7
-55
51
-38
82
-80
-87
90
-7
-5
10
176
-46
46
66
-65
-81
-60
-44
-59
-69
171
-16
-83
-56
36
90
78
-7
105
-86
77
-8
-100
32
232
-14
-101
-51
-12
34
-77
130
-163
90
4
-17
-115
-7
-73
-17
-124
117
35
73
96
-206
121
119
78
33
37
-25
-165
-79
97
43
-150
11
160
-22
47
15
17
218
16
-76
-138
98
-26
-10
-226
145
4
9
41
30
161
-173
122
-48
19
1
46
141
239
-42
102
-23
95
31
9
-50
-1
-167
33
-8
48
62
-30
-259
33
17
73
12
121
-106
-77
-40
78
40
94
-57
66
-29
11
56
188
67
51
-173
79
-8
22
45
116
66
209
-74
-2
47
28
-38
15
8
-46
101
122
41
10
116
62
-55
-32
-182
3
15
141
86
-61
35
88
-48
56
103
41
34
171
111
53
0
64
-176
-2
-97
37
-55
-12
-80
-194
-141
-212
102
-51
99
-56
-120
-3
-29
-60
36
-43
118
103
-31
-95
37
213
47
-36
-69
11
206
185
3
-48
-60
-31
41
-26
78
104
-42
229
25
-85
-83
-117
-34
-23
287
-253
-3
-19
85
4
19
-67
-28
-12
-71
196
-27
-167
-122
-268
134
174
3
67
67
-184
-129
41
126
53
18
-10
-60
49
-11
196
277
68
-74
-68
-108
-8
-3
-30
-68
85
30
9
-96
0
-81
173
-44
-91
102
-166
-209
63
95
-41
-60
107
9
96
125
92
56
-93
167
43
167
-16
-11
-6
68
54
82
5
-83
-124
-43
199
203
-15
-19
-110
-142
159
1
-75
-67
-75
-38
-77
162
-71
136
57
96
169
-69
-42
-192
-4
-50
18
46
-35
34
-73
-227
101
194
0
119
-223
26
-94
-30
106
173
-33
-193
-19
70
-186
141
-145
-68
105
-249
20
-94
-53
-138
-78
-66
224
100
-217
-30
150
-50
-118
-118
29
-74
-81
-92
73
-88
127
-14
-247
-138
32
23
92
107
169
-45
-41
127
23
271
-14
44
15
114
92
-32
-14
-38
-84
9
192
-4
-163
-124
-98
-143
90
60
180
37
26
-260
-7
-93
178
10
-206
-185
140
36
13
-79
75
85
-3
41
60
46
-145
-32
16
-121
47
14
38
12
-27
-91
186
75
99
118
-5
-61
-30
29
25
112
-10
-79
-209
12
-36
96
31
-36
-143
-35
-69
-73
99
-122
-49
-49
-126
20
136
-25
3
78
-96
159
114
-172
-67
-6
-19
99
-72
-69
-296
81
-57
-35
41
-118
75
37
25
-127
29
57
-141
89
-103
72
63
27
-61
-52
-10
50
40
-68
69
39
114
-67
36
74
-3
-45
5
91
-5
108
82
-8
-80
-168
-143
-111
5
-2
78
-216
-148
-25
13
62
-74
-128
-2
241
-52
50
-21
-124
43
-33
-356
242
62
20
-65
39
201
113
161
3
40
-72
76
6
-221
16
-71
-169
77
-17
69
-149
-106
-66
70
-55
41
-104
-75
-4
-36
-50
92
-60
184
-19
-219
-14
-3
-118
-105
19
117
28
-117
146
-59
-5
17
11
52
22
40
158
34
-21
19
-3
-54
-103
-134
189
-39
-65
-20
-153
-80
-51
-160
87
117
-95
-16
-177
-91
-16
-8
-28
203
21
-44
-110
118
82
-220
-108
-43
61
82
250
87
110
-71
-6
49
-183
-43
64
-129
-2
74
-152
-104
-63
25
-56
68
-171
196
-39
35
-17
-81
-63
-179
-101
-65
-58
118
-85
-65
272
125
56
36
-64
-147
-59
-17
92
174
104
-72
-57
-15
-189
62
-105
61
-39
-26
-36
81
-133
-50
-74
-68
11
-13
-170
118
-89
-76
152
-29
-53
-220
25
-37
-11
257
-86
-160
-162
-49
-205
-85
1
6
22
-74
-42
136
-139
-3
-69
-121
-101
-4
-119
-66
121
3
-35
40
81
-38
-222
-45
-10
-94
164
-164
20
36
-19
58
-101
-28
40
-33
231
158
105
107
96
-96
106
-163
-52
12
39
-40
140
-138
63
-57
-73
122
-122
49
-125
-10
-187
-110
130
113
-93
78
-20
-122
-231
36
-151
-81
-153
-189
281
-103
-89
-76
-275
150
73
257
10
-152
207
-58
0
21
29
46
98
5
7
-136
-19
-126
263
107
-18
232
124
21
16
-34
45
-54
-115
-77
-113
229
63
-137
84
46
83
-47
-99
-96
-55
-43
193
101
-13
-58
-90
90
42
28
-124
1
-11
-207
45
99
45
165
-138
50
-20
-95
6
-3
70
-57
-185
50
199
30
2
-81
122
92
80
-108
-61
-70
171
-75
113
-70
29
77
-168
63
-119
-34
-69
-153
33
-19
3
-204
-133
35
272
-66
-17
-144
-121
-35
56
19
168
59
-78
-53
64
48
-87
51
-204
-77
33
-46
19
101
-174
-12
20
-62
18
-30
56
-98
20
15
60
-79
24
17
-106
2
31
-32
59
-30
43
-91
221
47
30
-90
-102
139
-181
47
28
-11
178
5
62
101
36
-141
116
-7
20
-11
16
100
32
-12
-184
-125
125
154
46
140
185
-134
-132
-33
-6
3
-18
-10
29
-55
-94
-34
118
1
-74
31
-1
28
-55
43
66
204
-57
-52
31
-218
-88
105
67
-156
156
-92
26
65
4
-149
-30
-11
-57
-134
23
-12
56
-65
88
-19
89
-32
136
-3
-19
26
-52
-47
130
137
77
115
-30
25
19
11
22
-84
-15
-71
81
-40
-73
32
136
-69
171
329
354
138
62
-36
136
-59
-189
-38
-76
92
112
43
173
82
-33
-37
25
219
-22
64
23
-130
-32
-77
84
-6
15
-285
38
-185
-51
-28
12
91
119
-17
17
-53
-105
17
200
50
-39
-20
-83
18
-68
26
-42
-87
-182
138
14
-14
6
-66
-79
-171
201
104
16
52
8
66
-29
-205
-142
58
-121
85
-82
-35
21
39
-16
-59
31
12
-52
70
76
64
-85
-31
-81
5
143
5
82
132
-14
39
24
-259
-48
135
48
63
-101
21
43
-62
76
-201
46
60
63
-38
-192
-90
1
-60
-98
60
78
77
-40
104
47
-19
94
25
-64
-170
70
71
-73
180
128
73
16
-128
83
-245
145
47
-120
127
-13
7
195
132
-67
118
-140
85
90
-165
-97
32
6
-102
84
-28
-38
-39
37
-131
10
31
119
186
118
34
62
-142
137
88
-64
-7
44
51
31
-53
-106
-15
125
-22
-162
-94
51
-98
-49
-123
2
192
-14
-68
-49
-9
-96
7
-53
167
-10
-62
-92
-131
-14
-19
-53
-118
64
-66
201
-34
-104
142
-40
10
26
-129
30
-23
10
105
15
24
-122
-162
135
-95
-168
-102
-41
-157
-14
48
-40
182
10
-55
0
-145
49
-30
250
197
-135
12
-39
-58
-9
33
185
-45
-49
-105
-12
93
-23
68
178
-180
-56
17
-51
39
8
80
99
-18
129
-227
120
179
4
-78
173
-85
-11
-76
24
206
-17
-64
56
-2
-68
-61
-6
48
237
326
-115
-99
-20
-15
10
-51
-20
-66
21
24
142
-195
-4
285
3
11
48
-61
-34
-20
-162
104
119
7
123
73
-40
151
-84
102
-160
56
-62
-48
163
-13
-126
49
-176
-128
-7
-95
49
-59
-108
-192
104
94
-4
8
45
44
-118
-88
-117
84
126
49
-43
-147
-30
51
-109
167
-17
-36
36
109
-56
-103
72
-5
-154
16
45
26
-143
172
51
91
85
4
-44
-14
-93
-8
-83
93
12
22
47
-101
128
72
-126
188
-77
-110
-39
-132
-8
-108
-7
-14
11
132
104
-175
85
95
60
-1
34
-181
-123
82
155
75
-40
-44
29
-61
58
-74
-142
-151
42
34
2
-34
-6
-96
-19
19
53
0
-38
80
-114
-236
105
178
-108
-81
18
207
-123
29
-41
133
15
-52
47
-137
-35
85
-5
-140
147
126
134
202
-14
-129
20
-78
24
-118
32
-12
-25
31
-118
55
60
66
155
53
71
191
71
5
-198
-39
0
-117
163
-71
33
48
-156
-66
-8
24
-17
61
-51
81
-90
51
-368
17
-11
67
56
-191
-168
-54
124
79
-50
-149
-125
107
-8
25
144
-70
11
1
-38
-18
-66
194
50
127
51
1
-71
82
82
57
-84
-95
-66
150
-11
-171
116
-3
-155
6
112
-128
142
31
75
-15
-70
148
-46
-3
-34
127
140
8
122
-132
-78
-30
129
-182
-61
-4
29
56
29
-40
-100
-83
95
203
-12
-42
-78
-68
231
-5
-73
57
140
48
56
120
-108
304
40
-20
-53
-47
-20
-3
-62
-12
-43
-88
149
102
-1
-10
47
-158
17
56
-41
130
82
49
-35
-25
76
-99
-33
-23
4
-28
-133
-42
-78
-172
78
73
-56
32
-49
10
-52
156
-14
-81
69
126
-255
-112
-37
-161
10
-31
-29
201
-23
90
-33
40
-91
51
38
112
189
-71
-136
15
29
48
-83
44
57
2
-81
83
-100
51
67
-10
-99
-104
14
65
93
97
70
154
123
62
-72
10
-92
-3
-114
-4
-36
103
-36
-21
-39
-33
-15
-59
-24
-110
7
-3
-75
54
98
37
-33
-88
-54
-60
-110
-33
185
-33
73
-80
-107
166
-78
-47
-123
14
48
96
25
-32
112
105
-73
24
-42
148
2
-135
196
-125
-130
125
8
-118
175
-10
-237
-55
28
66
46
-18
-21
47
-64
-95
54
-70
116
-55
-91
-122
-68
-51
92
107
91
-90
-104
-30
-32
1
-32
-198
-150
-4
146
52
-201
79
98
-185
187
9
-263
-77
77
189
79
2
-66
-3
-74
-5
90
147
-200
44
33
18
-143
83
-139
-109
107
122
-118
37
-70
-135
-52
-88
-143
166
-61
-141
-24
7
73
24
-66
144
-37
-38
124
-175
63
59
-215
68
-25
-27
-4
-95
-148
-72
315
46
42
30
-61
-5
4
90
139
-77
-15
-38
42
53
-181
122
-139
-70
-63
6
17
-158
153
-134
-48
1
-21
65
209
14
-242
-25
1
60
-25
88
-120
-10
2
21
161
-105
-125
33
55
44
31
14
-29
-22
99
102
205
28
113
-178
127
-3
-135
-46
-145
174
-67
95
27
-7
5
-1
-19
156
43
-23
-176
-38
-58
-42
-34
1
2
-18
48
93
-105
-63
-6
10
-70
119
-35
48
119
-67
83
132
160
24
39
-202
-105
82
-18
94
-145
50
-29
139
-81
64
-217
38
-127
-44
121
-40
-123
16
45
-91
12
232
-2
64
-15
-51
-68
34
-130
-120
39
-126
-114
38
-79
-89
160
-118
120
-25
-33
39
141
-9
113
-42
-92
-55
76
8
-205
58
125
106
-42
48
26
-3
-29
8
-91
-60
144
-64
25
98
-26
51
-70
2
-28
30
106
60
-2
185
60
-137
-8
-29
171
42
-28
-8
-87
-11
49
30
59
-49
1
117
-82
18
-184
233
-53
19
71
-84
64
145
-85
80
96
-15
-95
-44
4
25
11
84
91
81
-1
90
42
60
-101
-33
-143
-74
27
277
-32
-162
14
85
-7
198
-51
-67
-30
-127
-48
-141
-181
-13
154
56
-3
47
19
84
44
184
-52
-82
-67
32
-73
42
86
-107
-85
95
-82
-69
40
38
-100
46
-115
33
9
7
-68
-138
-71
130
52
82
0
-22
15
0
50
126
192
-24
12
-152
192
-40
-47
-98
97
-144
89
-157
-80
-18
48
64
-94
-217
-4
-25
62
52
-53
-20
60
-11
58
-138
107
117
-61
48
-57
63
133
-131
243
-44
-47
114
116
28
74
-17
104
6
248
54
-256
-144
-54
-1
-70
-181
-17
-4
-57
117
-182
-38
-9
43
-100
35
112
81
118
6
-212
-53
-77
55
-72
14
-35
-63
17
-93
-49
-78
-7
157
-125
26
-17
-32
-44
-146
-220
0
107
59
6
76
-23
-58
-87
-87
-144
-7
-120
-222
156
186
70
-210
166
62
119
-95
108
267
25
-50
-64
129
-71
-88
23
17
-89
47
39
-6
-11
48
51
-187
108
-24
-48
85
91
78
-40
66
60
-81
120
-62
167
87
21
75
-244
-98
41
-112
65
8
-78
-5
-114
8
177
-116
156
51
-61
-40
170
-142
-59
107
-167
-154
6
64
-183
54
39
-2
46
-172
107
-128
42
3
-197
-146
-154
10
-57
-96
-77
-30
12
54
-58
47
121
-86
-53
56
-2
-38
-62
214
-73
-63
-104
32
-52
71
-48
85
-53
10
101
-61
-175
62
32
-7
-24
128
-90
131
137
-131
84
11
87
-103
-92
-140
-200
-160
8
6
-166
98
170
52
-18
14
26
106
17
-43
-67
3
-156
65
58
45
-173
177
69
60
25
94
-147
6
1
-45
-90
-72
-34
-136
-4
-218
-51
-122
-138
-75
192
-42
182
47
-158
-184
-47
84
7
57
15
-112
131
-47
76
82
66
16
52
-3
82
8
104
135
53
-26
-52
-119
114
3
-37
-30
160
-28
94
-58
38
-6
-12
273
-92
182
-53
-29
-70
-107
111
60
-8
-188
-19
-201
172
89
31
-26
-117
-60
-2
115
0
134
21
-135
80
234
130
-67
163
-127
-1
181
25
-253
33
-97
48
-81
-46
-102
55
155
-101
75
158
-6
123
165
-17
-48
-151
-32
19
117
-42
-17
14
190
-14
-33
71
-2
8
97
100
-62
10
185
57
-83
-45
-71
-48
-210
80
66
10
46
79
110
26
166
-3
-123
81
-3
-60
74
118
-17
18
-106
-94
109
66
20
49
109
-129
-24
-34
72
70
-86
-80
-105
-74
-70
-38
-91
52
97
64
89
-34
132
49
-5
-51
-1
67
41
-170
-222
105
-25
149
-122
-50
-5
33
9
-110
30
17
30
197
184
-33
122
-159
17
-48
-74
-78
171
-6
164
-68
-2
47
142
-77
-19
211
-124
121
-59
-77
201
-53
97
77
34
44
111
69
-163
130
47
-57
-1
-60
25
61
-56
-37
18
71
-96
78
-83
-48
-1
53
-33
-100
-128
-240
7
93
-152
-31
-123
-44
100
-261
-29
-32
-170
-30
10
-120
-10
-148
152
-63
14
41
64
28
-153
-161
-54
-46
-305
43
-1
22
38
-25
187
32
-44
51
-64
49
-107
-125
20
-34
8
70
240
-165
1
-66
-25
24
-193
119
-32
82
207
-47
-15
-6
35
48
-240
70
-301
-89
34
11
-120
0
-35
-211
121
12
-68
-111
21
33
-110
27
-167
67
55
-6
42
83
-95
78
-168
-72
5
-155
-11
5
-98
4
9
-107
82
45
148
-113
94
15
-251
102
-96
50
-32
-37
6
80
-113
209
18
-29
54
136
24
72
50
26
-138
30
66
79
40
68
27
-47
91
-172
-102
5
18
-62
-81
115
40
39
-90
-79
63
51
77
41
60
102
-83
14
-135
107
-109
-67
3
45
124
130
-153
-107
-97
-94
130
-125
-221
-172
48
-54
-37
-84
-142
-277
-14
84
110
-56
-33
49
65
-63
87
229
-164
12
15
177
35
15
-171
-208
-134
-208
127
-161
-109
-208
-165
55
76
-50
46
137
56
-14
38
57
-112
124
-7
93
57
-21
97
-133
-14
72
32
67
132
150
221
126
-52
107
104
-73
-54
-13
-62
-103
100
28
-103
218
-71
-29
108
69
-42
45
-131
29
-83
43
21
53
0
-27
165
141
3
-7
-5
-145
204
-15
-140
-95
72
123
-95
-58
134
-254
-44
-1
-48
54
-174
9
65
166
-21
44
243
77
-193
-49
-192
-67
75
-11
-2
-29
118
60
-82
23
58
-6
116
80
73
-47
21
-157
72
-12
-3
35
-194
39
-96
-71
3
234
74
4
-40
40
56
-258
-208
-46
-66
-90
-187
-65
83
-139
88
-166
-161
-23
-189
25
156
-123
15
27
39
-23
-35
-227
127
-40
85
140
-181
-100
-56
-183
261
81
57
-34
-21
18
-4
97
-54
81
-13
46
131
-61
-142
-2
16
-183
-52
-99
53
-8
30
-163
147
46
-94
-14
-90
30
193
-75
71
-208
-164
-99
56
6
-7
-64
48
-63
10
-130
4
98
26
-45
15
272
125
-101
102
-8
35
-133
-42
-18
7
63
-11
-100
58
1
2
-25
-50
-90
2
-103
65
38
-18
40
15
-54
35
144
27
-30
-246
70
-80
159
-163
66
-40
14
-155
38
-5
43
29
-33
61
106
-139
-59
-113
-128
-75
96
-84
147
11
41
-73
-33
2
16
130
-23
42
-77
30
88
22
-82
118
-16
14
96
-26
-133
34
132
-76
-173
158
118
-93
74
49
340
-194
35
53
-9
110
83
-33
-248
181
-38
-3
92
183
15
101
-158
-111
-46
207
120
-17
66
-7
-3
-24
36
42
103
-78
70
-10
-26
-96
-123
210
-74
106
-98
26
86
-41
-98
-13
-38
-3
-34
-33
67
84
80
-31
-16
-4
63
-58
131
-36
139
-103
-204
-41
5
-116
7
-182
-11
-58
93
7
134
-68
-30
81
-43
-85
64
137
168
139
-5
50
-184
-26
112
99
-175
-73
-5
336
-43
44
-20
57
100
-13
254
7
-43
-143
40
70
159
221
290
-193
133
-106
-103
-10
29
-69
-62
-59
-85
20
-98
66
117
124
23
6
-26
-34
42
76
-41
-96
-29
-200
51
68
-186
135
-49
-241
-175
79
47
-10
-82
33
60
20
-18
43
-5
23
-24
126
-61
121
-57
-21
104
-47
211
-260
-204
-172
150
-105
96
-195
-22
-9
-86
69
87
-19
-10
-173
22
-101
-9
-39
-1
-33
-8
-61
73
2
-4
65
-16
-8
-37
-179
205
-39
-119
-48
175
192
41
-156
40
156
160
-220
-48
77
10
-152
-163
156
-64
160
59
64
-110
-3
-23
-67
93
43
-100
36
-19
9
42
-73
76
-180
-119
185
-10
-123
50
-9
113
125
183
21
-103
120
-29
149
-26
15
-20
-106
-120
-8
64
-43
175
-15
-28
88
-37
54
70
-130
58
-17
-143
215
-145
7
87
-56
-130
-61
166
-79
-84
51
-125
-6
113
32
-116
154
-20
-32
66
173
-54
-199
145
-23
7
49
-144
136
-32
-115
16
-51
-17
-111
-71
-150
35
29
108
-16
-2
45
-46
-13
-23
-59
-8
151
65
22
-65
-57
-110
-113
62
195
-57
80
-60
46
-9
124
191
144
32
139
-94
-121
-1
-81
186
-19
47
35
167
-25
-55
97
-158
-90
-10
56
142
-3
58
-148
-131
-38
163
-1
42
16
104
-77
-101
-73
-50
3
23
-161
-59
-25
59
-26
-60
-4
-108
-22
-86
19
56
-22
123
-22
79
21
-79
-200
60
-8
-165
-32
121
-100
-64
35
-31
-133
-35
6
-83
91
22
101
-57
66
84
162
285
-144
76
-20
109
-43
6
-104
123
20
-159
69
117
20
151
34
6
10
-137
138
-29
22
-19
118
-24
-108
0
21
15
-11
76
-93
-26
11
-176
20
43
128
-120
4
-58
-112
93
-64
137
109
7
-19
-100
164
56
192
-276
-77
173
118
-149
13
-74
49
80
-193
99
-143
58
51
97
63
29
5
18
124
-81
-104
-38
44
174
173
-123
91
191
217
-11
-91
-110
-51
153
127
-43
146
134
105
102
110
67
-85
13
-207
213
37
156
-143
-4
88
-54
71
85
113
7
66
86
-211
127
-95
25
174
65
-15
-96
-39
-112
147
-125
-9
-88
66
53
124
47
-91
-140
88
186
116
-265
38
28
-52
30
43
-88
114
101
52
-17
117
79
-43
-189
-254
57
38
108
31
-55
-174
-85
-97
56
-211
105
61
6
-69
-163
55
24
1
-133
-44
-129
-70
61
-71
54
-68
8
-7
17
249
-72
81
39
-59
-163
-87
-179
116
-170
53
6
102
47
205
-88
-143
-34
-10
51
24
-134
-138
148
69
8
-29
-50
-14
149
-92
34
6
56
80
-3
-235
-84
35
125
68
21
6
-2
208
-114
47
-34
106
49
44
48
21
-157
67
174
-157
30
57
-1
16
189
256
35
-189
-185
70
-12
-66
-77
17
90
-59
-156
25
-66
-19
27
-53
78
140
-41
-50
-84
109
34
-20
-80
43
71
50
181
82
-120
3
-202
40
-8
134
38
67
69
-117
138
-88
-120
125
-150
-141
-7
56
-20
-84
120
238
64
-2
-33
40
10
-48
-76
24
-60
-86
20
-23
-33
-80
-71
63
138
-55
-24
-143
76
91
-230
-39
21
-4
-132
-87
76
106
48
61
-36
33
-62
142
106
-12
-53
-31
-33
-21
-57
86
-239
36
-7
-43
-22
95
-116
124
169
21
5
-64
231
-60
-13
-161
173
-93
-146
-70
8
153
-204
107
-27
8
86
-39
54
-37
118
-6
1
28
76
-82
-185
117
-163
-110
63
-113
62
-88
59
-1
-8
-33
-47
89
18
-65
-14
-170
-88
-167
41
-9
-104
41
29
-30
209
150
241
26
55
48
80
122
96
16
10
-73
146
-33
-38
187
111
56
-109
75
-70
82
189
-79
-85
-30
-38
16
41
-65
-47
-38
-27
-26
85
-273
85
-86
144
31
139
-7
-100
-13
42
-153
227
27
-9
-8
129
-94
-47
-121
-214
-37
-187
35
73
-77
3
-186
118
48
28
-109
16
-3
-14
-6
-43
63
-102
-124
48
-147
21
61
81
-44
-157
5
-20
-59
-33
-82
-27
164
-26
105
-226
-194
-139
133
144
87
-45
38
-96
65
6
116
7
180
201
-122
116
48
31
226
25
199
-17
61
20
-20
-116
43
-169
30
4
55
1
56
-161
64
-112
21
-116
5
143
-91
-76
-39
-61
56
-59
-24
-36
-63
81
-79
-3
-81
-78
-47
58
-49
93
-83
-57
116
8
67
76
-28
96
-38
-56
-80
232
97
93
-102
287
-21
-70
-36
194
103
-142
141
100
90
-9
-35
-76
76
10
-19
-205
157
-153
-35
-7
156
-188
-23
-256
34
65
-75
-14
-64
-27
91
65
1
-166
35
-36
88
64
-98
48
-78
-34
-2
-4
80
-73
-37
-51
-74
-144
-12
120
-164
144
-12
155
179
-18
-145
86
-28
-104
-97
14
-156
146
-71
96
-133
75
-17
18
13
-199
-93
-38
1
-180
148
-31
90
19
-70
24
-61
104
-81
-45
40
-124
-70
82
-69
-110
-8
-38
184
-1
43
99
-181
25
-157
-114
-11
32
-170
239
13
-30
-40
147
-111
19
-42
-24
-17
1
-43
-61
208
-129
142
-43
-76
-176
105
65
59
-51
2
-112
0
-44
49
139
287
8
-131
-81
-26
-81
-53
-50
-72
-57
104
-46
-26
-52
171
137
1
-120
151
141
43
-40
5
-10
-11
-53
-95
68
14
-189
28
-67
-89
195
28
-108
45
-41
-16
136
-117
28
85
-173
115
-40
-166
-37
48
-128
6
127
33
62
63
69
-44
-16
159
21
68
54
-33
23
135
14
82
-1
40
-13
106
14
-88
194
23
62
118
-61
255
51
-23
-25
36
2
-71
-146
3
-25
-93
124
-13
-26
-173
-168
76
77
-130
-40
-96
46
27
-10
127
-57
151
-40
256
-18
-5
-18
-10
-12
250
49
13
-76
93
79
74
-108
158
-102
-131
-113
110
-83
78
17
28
33
5
256
57
-46
203
120
-88
81
146
-171
-108
-122
-26
50
57
17
71
65
5
159
-27
-120
-5
39
-176
178
23
26
-36
11
-76
96
-180
5
-10
6
4
115
99
-46
-57
-83
-133
-38
-67
-192
87
21
-1
-71
-11
27
-8
66
58
98
-83
103
-201
-4
59
-80
-81
-51
-81
-53
2
66
-48
-149
-46
63
213
12
-32
-98
216
-100
-67
4
-150
-180
-16
204
11
1
-32
173
29
-197
-2
-6
-65
-77
-75
-17
194
145
106
-65
-28
125
-133
-7
-106
-115
18
-21
-114
16
-110
-45
-89
-85
207
61
101
-15
-71
34
-175
-18
-113
143
-104
52
4
55
-152
63
31
-14
-102
62
-17
160
48
-75
-153
-9
-46
41
-149
188
-74
-28
29
-53
-88
-48
-143
100
-58
-114
26
-53
62
-109
-227
-21
3
-67
-33
207
-3
-81
29
76
51
-153
15
-122
113
76
-30
28
152
-53
-162
-104
-41
-53
-53
-107
42
-31
49
-174
36
-35
5
-18
-74
265
-286
7
-38
52
-69
194
28
-104
73
126
-22
183
4
84
108
43
-67
47
-111
-4
-145
46
-4
30
-90
-90
1
138
0
-64
-318
146
-105
51
-46
-119
98
69
120
62
-49
-14
-109
-204
-168
-158
-30
-38
-96
-14
9
72
-135
-23
279
145
130
-78
58
-95
-155
86
63
116
1
-29
-184
122
109
88
98
-55
-17
14
130
-98
-27
-1
-45
133
-82
193
-101
65
-100
-41
-17
171
-155
-3
-103
110
-60
-65
-161
-157
-157
-31
72
33
-146
104
162
-75
-232
95
-58
-16
17
126
-58
-29
-141
-58
150
107
130
-172
90
-47
5
49
-18
-78
-31
23
47
65
-35
31
-245
-102
-83
-95
2
34
-4
-7
14
-67
164
-128
0
-74
-7
-90
102
80
44
-35
71
-72
-64
36
-48
36
146
38
152
-143
79
-76
-1
-189
73
110
-104
-13
77
-133
-106
-100
-145
44
-48
36
-50
-74
-101
-77
-65
-113
-3
-81
60
0
-32
183
86
-128
-101
-78
85
-70
-105
202
59
-62
-176
19
92
36
-34
-50
-71
-105
-163
-40
24
83
134
-153
-45
-58
31
-54
-113
-19
106
-17
-81
-148
-36
-116
-97
-22
-36
-149
-46
29
-43
-40
-48
-38
-54
219
-37
-43
-33
21
-225
70
-20
56
57
-220
-71
67
-107
67
-113
-133
-113
8
-63
-49
-87
16
-58
-40
-20
-45
3
-82
-44
-82
-69
201
-168
-196
37
-119
-100
84
6
89
14
86
-106
-17
141
30
-103
66
23
-53
-1
-113
97
51
67
-87
111
-63
-13
-28
88
95
-29
-29
-89
-27
-86
-16
19
-42
101
114
11
-93
-169
226
-30
-133
-149
138
41
68
121
2
-10
-85
-57
-14
120
103
63
-54
60
-62
121
162
-24
117
-140
217
-79
-125
76
153
39
83
-11
-47
-63
116
34
-84
13
12
-204
53
78
102
10
84
-142
-105
41
93
108
122
107
-27
-31
78
-27
25
44
-43
60
-192
66
98
10
136
-46
-105
70
160
-144
-21
-76
-151
-163
-64
33
-132
-31
53
-40
-47
53
15
24
-100
-13
-136
34
-7
50
-11
-47
-22
-100
15
-26
-2
-26
-4
125
17
-75
-254
6
-92
-25
23
135
11
-114
16
83
197
92
38
-29
100
-27
10
-69
-11
-125
-55
-58
197
-82
64
12
-61
-190
170
203
51
-18
-2
-27
-190
132
-103
59
83
67
-16
-111
35
-70
-81
137
-25
12
104
-5
-31
-40
-88
-46
-19
-69
-63
13
-77
13
-5
217
49
-7
24
44
-75
36
-47
-35
-161
-36
9
-160
135
88
53
-180
163
59
167
185
-11
-45
-86
53
-47
6
-30
-45
-23
-23
-5
45
126
-99
-75
-56
48
-61
-66
-27
92
-37
147
142
-18
-5
-74
-106
85
-27
183
43
195
-11
-139
-198
40
186
18
-136
-86
2
119
44
-1
155
32
-191
32
139
167
-5
116
-75
135
-19
34
-71
-112
19
140
128
-130
14
79
72
38
128
-16
-35
-44
-150
-50
96
-121
-45
129
12
95
-136
-196
183
18
2
-79
65
-22
17
3
-146
6
32
-6
45
48
-137
159
-206
-62
30
-13
-44
-94
32
109
2
16
9
-233
171
-35
-47
64
40
-34
-181
96
25
104
63
41
-94
-74
182
-88
-27
154
33
78
219
56
-168
91
155
64
-27
-31
18
-22
-11
39
-274
-2
191
-45
18
-174
-121
-98
134
65
65
17
15
-65
-60
-150
-111
41
-141
-67
105
-1
13
-36
181
202
-63
-23
-14
48
279
-70
-40
-20
-43
156
160
-7
-53
82
-109
84
-15
193
-39
17
-12
-91
18
-136
-51
34
50
120
9
168
9
47
-95
-25
-217
8
-89
-23
8
-100
20
29
-18
-14
40
-33
84
-105
-84
-85
-29
-63
60
-35
136
60
-101
-14
-7
113
8
-110
-133
-151
16
61
99
-10
10
20
98
64
54
66
78
26
63
-254
16
131
-71
-137
-22
-36
-71
85
-32
-13
14
-90
-41
70
27
-48
-5
-89
-197
-23
-103
12
200
-42
-164
-42
28
-52
57
-49
20
4
-148
108
-152
13
-108
267
26
4
11
94
42
-21
-50
-65
-57
21
0
-83
64
-213
143
67
-189
-149
85
29
-289
45
-116
-35
68
-15
141
-18
54
11
130
-7
238
89
-126
-2
-91
-31
54
-11
79
-114
116
128
-42
-40
98
21
56
20
5
-68
21
103
14
-11
-91
-58
38
174
-3
-109
-9
-194
-41
-184
144
65
45
117
127
12
37
39
30
99
11
-6
1
41
-32
-55
73
39
122
13
-3
-94
-28
-103
43
-97
-128
41
3
-13
107
104
244
0
10
-105
-143
121
-29
-78
103
10
-82
6
-55
-119
-121
-23
57
-154
38
205
-38
-78
-252
239
89
-20
153
-6
64
-7
159
-136
45
187
174
-129
-40
-142
-150
-156
-15
-55
-19
81
-72
-87
-185
7
50
183
-55
-149
132
-68
-65
25
103
104
-93
-22
88
2
-86
-122
76
-76
128
-44
16
144
85
174
-97
-40
167
21
-182
48
49
34
86
-207
-25
-74
-118
-12
64
-1
119
-44
110
-140
-95
56
74
85
-36
132
127
116
92
188
-124
-136
3
19
-70
-72
164
98
158
126
87
-52
25
19
82
-101
96
14
66
47
-62
6
26
109
-75
167
152
-62
123
97
-115
-158
-187
-113
-76
14
53
-13
-4
-21
193
-52
237
-43
155
21
39
149
-46
-49
69
13
58
-13
-198
21
164
21
85
26
109
217
37
78
88
-7
25
157
-66
77
-77
-43
-15
-67
-48
13
65
-50
-93
90
14
115
-13
-53
-26
70
-32
-32
-103
-67
-79
-80
89
-67
27
28
146
-74
58
42
-38
-150
144
180
-99
-70
-78
116
17
-114
5
-30
219
-51
95
105
-48
12
93
107
-103
-109
53
40
135
74
48
-234
40
89
15
-98
-54
63
-82
-35
80
35
34
-99
63
-178
-91
-35
-66
-176
-3
-30
-80
-28
-5
-34
-86
53
-59
-88
17
-47
-314
45
-27
-64
221
-53
76
99
29
56
-157
-19
131
-134
112
79
94
114
-208
-110
-110
0
-140
-1
-35
214
-130
-68
44
-4
-54
6
-31
93
12
-116
-9
-13
-109
-37
-77
115
24
-10
-7
105
221
-42
146
65
52
-108
140
80
-142
41
1
39
30
142
-5
-155
24
-90
-21
-24
60
-52
94
-134
31
-34
-54
-130
127
133
130
-66
-90
-53
123
-142
-52
3
-69
7
-75
-54
14
-204
146
81
-41
9
81
23
-12
166
-55
61
141
64
14
-82
-1
-149
2
139
-23
120
21
210
-49
39
-104
78
183
-43
84
-10
67
47
168
9
-91
-52
-32
-17
129
-123
50
111
16
53
159
-163
-97
56
-77
193
73
-29
-19
135
-10
1
256
-165
-42
-19
13
-86
-23
132
81
-84
66
-99
-76
-32
-91
59
90
37
-5
-82
6
19
-23
-54
-17
-2
29
12
-153
2
-146
-93
-147
141
107
-72
34
-54
-252
-163
-100
54
-24
-130
-23
97
-19
171
-8
11
-156
128
201
-127
-102
101
-1
120
52
-88
29
18
60
-40
-38
98
-110
1
101
-25
142
90
181
7
220
-40
-26
-50
124
-6
-116
-94
97
-119
-64
-105
68
-133
-53
59
3
-87
198
-32
-154
-134
6
22
50
-9
158
-25
-15
107
-75
18
-17
-198
234
135
53
-74
-158
-93
44
89
-100
-7
29
-107
37
28
-124
107
38
51
78
-7
-70
-28
-121
254
-43
134
41
-18
-57
-2
-15
-100
-53
-123
-122
97
-209
81
3
-113
-87
-44
65
86
-45
30
15
91
10
-18
-57
-10
-180
101
138
-53
-80
5
178
136
26
107
147
-159
51
-69
-167
51
-223
155
57
52
97
27
-18
50
-46
46
66
-7
-24
69
-151
88
83
-179
100
-54
-52
-14
-63
92
-10
91
88
-12
-46
11
-61
90
263
7
-66
113
-64
-21
-67
-97
-61
-217
-76
-16
-4
105
-2
40
-214
-92
23
181
274
-86
-132
-33
32
-47
17
118
147
-36
57
15
-77
-129
33
37
-124
46
-2
108
-30
17
-98
116
11
156
-214
-44
227
27
51
-184
-73
0
-2
-16
-82
-160
69
186
-45
-102
-40
87
-5
160
42
-103
142
-176
-16
57
-185
99
42
26
30
102
-26
121
102
117
-145
-67
144
27
166
-36
-8
74
-57
38
25
-104
-151
-14
-50
-15
32
3
-183
1
-22
110
13
-67
-17
35
-198
-20
46
-12
47
5
53
22
-235
73
-14
-64
43
161
38
-36
-120
64
31
7
0
-42
-7
15
-82
-42
-114
72
62
56
109
15
-51
-61
21
4
18
-118
146
-58
-238
126
227
-63
55
-82
82
136
61
-32
50
-120
84
40
8
-52
141
-146
-262
-183
-83
-83
92
-60
-139
-111
-158
-199
65
-59
3
81
70
-2
-25
-87
-20
-47
-16
193
197
12
-38
49
79
-149
-191
-108
11
17
-33
217
71
-38
156
-5
-163
11
37
-46
-155
118
32
44
79
42
122
-79
-115
65
-20
116
-64
-27
-96
60
86
15
87
-197
-133
-23
-28
83
95
43
-125
35
104
9
226
-20
90
172
91
-85
-2
-35
-78
-108
-142
-109
-77
24
-104
18
14
75
-106
17
-213
105
69
14
256
-143
49
133
93
47
-95
-68
68
120
17
-38
-50
-192
-60
-7
-73
-69
232
68
-34
72
24
100
8
-78
47
-40
146
-152
48
62
-46
243
101
-11
-52
-30
-65
82
-105
-58
-98
-38
50
-63
109
24
-132
74
-86
-13
-31
205
-66
280
-170
197
-207
-98
-1
-42
-196
-78
57
-128
118
70
220
163
263
40
21
-63
44
-21
120
65
-34
3
231
2
13
73
-44
-160
192
76
-70
-23
-77
-29
-128
83
86
90
78
37
-14
124
74
-78
-31
40
47
21
6
57
129
-190
-121
-50
-15
-36
-45
-45
161
165
-233
8
111
88
64
123
30
10
-31
-55
73
8
2
53
29
-61
-177
209
47
61
-259
-97
-23
-111
66
-143
216
-64
-25
-28
70
-193
-10
184
15
-21
32
161
79
-12
222
22
-10
134
52
58
-180
88
193
-109
156
-106
-13
-31
76
-5
188
-66
-33
162
101
191
-106
-143
-8
-16
110
209
-72
-54
-224
-63
22
186
64
156
-183
-114
-50
-4
93
43
-16
-18
-23
31
-105
117
-93
-50
-25
124
-119
-203
38
-133
45
-58
2
41
-24
-87
-10
-187
-56
-101
-79
25
93
-4
-201
53
148
-16
-40
-20
8
211
-26
-38
-12
29
113
21
-139
-39
-106
-54
-43
-16
-127
151
42
162
-39
-61
138
-73
-143
60
67
-71
5
69
57
111
-154
-119
-22
12
108
-15
-153
107
86
100
22
182
148
-14
26
-115
-40
83
19
-191
118
74
-69
-27
-151
52
34
70
4
60
-191
-93
84
2
-25
-56
65
-50
-36
-26
-186
-202
64
-141
20
6
51
-4
-82
-74
-141
-11
35
-172
145
-5
105
-29
-45
46
-174
-19
7
158
-64
47
49
-39
-4
50
-7
8
41
-8
98
130
237
96
-68
49
95
131
99
86
176
-173
-89
33
36
-74
-26
37
46
8
217
93
-7
-18
-73
-110
-165
-8
-128
136
219
-173
7
-39
-135
-12
51
150
-100
134
-27
37
-110
-62
154
-18
191
57
-141
-88
-104
32
66
86
-21
17
129
23
107
155
18
-108
-184
19
35
-40
-116
297
199
114
-25
17
31
-103
42
68
-13
-59
-55
-10
-32
-21
84
140
-155
5
68
-288
-121
-29
-31
40
-28
-71
-124
-9
-2
82
-13
79
92
73
-69
67
-87
68
-50
-87
-123
-85
-47
102
51
43
-136
-144
150
-65
-82
137
231
-28
-86
119
-91
41
-5
-52
-20
114
-53
-3
-98
5
24
20
-106
-78
-54
-145
50
-129
93
17
136
61
-32
-160
40
26
7
-128
10
105
41
-47
-28
74
40
77
75
5
12
4
6
-69
49
105
-92
38
-54
113
-90
-81
-103
77
80
3
93
169
46
-30
-19
-52
54
0
47
-96
-124
16
-149
-37
66
123
16
103
79
14
-21
20
-2
50
48
-145
-34
-46
-10
-175
-7
-99
26
-67
-47
-76
74
172
-187
40
-132
-178
-7
154
-115
-86
63
149
18
-57
-50
214
18
100
-9
-143
-69
-45
-83
89
-10
21
18
185
32
-97
113
-70
219
-52
150
46
50
-43
-56
156
102
87
16
81
-78
-81
47
-99
38
60
78
-81
86
-35
110
-2
28
126
55
-13
-143
41
113
67
187
28
-108
10
-57
32
-105
-23
101
78
-91
36
-55
-43
25
-39
-44
55
41
97
-60
73
48
40
3
-26
-115
-150
35
65
11
16
-25
-146
28
158
97
-86
19
-34
109
-54
26
-16
-101
10
61
101
-73
-97
58
-7
14
-260
-62
219
-93
23
98
-217
-12
-1
53
96
111
98
37
34
-18
-80
80
90
-70
-16
-33
-78
-24
58
-57
0
51
70
-71
-182
46
-305
37
-191
-36
129
-106
-125
200
123
-75
-163
155
46
-68
141
105
30
-92
-89
-92
77
-100
-90
123
50
72
-198
-69
-32
-163
-79
35
138
-81
141
67
-143
36
-112
-79
-52
89
-269
66
50
-227
202
57
-64
-156
-40
-38
-24
148
74
16
172
124
38
58
-50
-44
121
49
55
54
-176
105
130
-106
181
79
-187
32
104
-2
201
-174
-96
1
58
131
-14
-75
-155
93
205
65
-136
23
-7
76
-81
-84
126
-4
195
96
-66
6
-244
87
-81
109
-49
-121
107
-133
-99
-35
50
76
-104
-23
-35
72
74